"Chr.x"	"Start.x"	"End.x"	"Peak Score.x"	"Chr.y"	"Start.y"	"End.y"	"Peak Score.y"
"chrUn_GL456392"	22178	23178	208	"chr10"	18196841	18197841	88
"chrUn_GL456392"	22178	23178	208	"chr2"	53190318	53191318	135
"chrUn_GL456392"	22178	23178	208	"chr2"	53190318	53191318	135
"chrUn_GL456392"	22178	23178	208	"chr8"	107096288	107097288	100
"chrUn_GL456392"	22178	23178	208	"chr8"	69183561	69184561	123
"chrUn_GL456392"	22178	23178	208	"chr10"	18196841	18197841	88
"chrUn_GL456392"	22178	23178	208	"chr2"	53190318	53191318	135
"chrUn_GL456392"	22178	23178	208	"chr2"	53190318	53191318	135
"chrUn_GL456392"	22178	23178	208	"chr8"	107096288	107097288	100
"chrUn_GL456392"	22178	23178	208	"chr8"	69183561	69184561	123
"chrUn_GL456392"	22178	23178	208	"chr10"	18196841	18197841	88
"chrUn_GL456392"	22178	23178	208	"chr2"	53190318	53191318	135
"chrUn_GL456392"	22178	23178	208	"chr2"	53190318	53191318	135
"chrUn_GL456392"	22178	23178	208	"chr8"	107096288	107097288	100
"chrUn_GL456392"	22178	23178	208	"chr8"	69183561	69184561	123
"chrUn_GL456392"	22178	23178	208	"chr10"	18196841	18197841	88
"chrUn_GL456392"	22178	23178	208	"chr2"	53190318	53191318	135
"chrUn_GL456392"	22178	23178	208	"chr2"	53190318	53191318	135
"chrUn_GL456392"	22178	23178	208	"chr8"	107096288	107097288	100
"chrUn_GL456392"	22178	23178	208	"chr8"	69183561	69184561	123
"chrUn_GL456392"	22178	23178	208	"chr10"	18196841	18197841	88
"chrUn_GL456392"	22178	23178	208	"chr2"	53190318	53191318	135
"chrUn_GL456392"	22178	23178	208	"chr2"	53190318	53191318	135
"chrUn_GL456392"	22178	23178	208	"chr8"	107096288	107097288	100
"chrUn_GL456392"	22178	23178	208	"chr8"	69183561	69184561	123
"chrUn_GL456389"	10142	11142	526	"chr10"	18196841	18197841	88
"chrUn_GL456389"	10142	11142	526	"chr2"	53190318	53191318	135
"chrUn_GL456389"	10142	11142	526	"chr2"	53190318	53191318	135
"chrUn_GL456389"	10142	11142	526	"chr8"	107096288	107097288	100
"chrUn_GL456389"	10142	11142	526	"chr8"	69183561	69184561	123
"chrUn_GL456392"	22178	23178	208	"chr10"	18196841	18197841	88
"chrUn_GL456392"	22178	23178	208	"chr2"	53190318	53191318	135
"chrUn_GL456392"	22178	23178	208	"chr2"	53190318	53191318	135
"chrUn_GL456392"	22178	23178	208	"chr8"	107096288	107097288	100
"chrUn_GL456392"	22178	23178	208	"chr8"	69183561	69184561	123
"chr3"	95950661	95951661	141	"chr3"	95929144	95930144	176
"chr2"	25223970	25224970	54	"chr2"	25223410	25224410	71
"chr3"	135211772	135212772	206	"chr3"	135212516	135213516	132
"chr9"	21616384	21617384	116	"chr9"	21615214	21616214	132
"chr9"	21616384	21617384	116	"chr9"	21615856	21616856	84
"chr12"	110695371	110696371	166	"chr12"	110706414	110707414	63
"chr9"	120571426	120572426	139	"chr9"	120570687	120571687	112
"chr4"	128993093	128994093	146	"chr4"	128993699	128994699	50
"chr19"	5366526	5367526	141	"chr19"	5365685	5366685	109
"chr11"	69671345	69672345	131	"chr11"	69670541	69671541	169
"chr2"	85037154	85038154	185	"chr2"	85036478	85037478	94
"chr9"	66946021	66947021	200	"chr9"	66945278	66946278	121
"chr9"	66946021	66947021	200	"chr9"	66945278	66946278	121
"chr5"	135778366	135779366	153	"chr5"	135778801	135779801	40
"chr8"	57486980	57487980	59	"chr8"	57486326	57487326	140
"chr17"	56303324	56304324	88	"chr17"	56304070	56305070	184
"chr17"	56303324	56304324	88	"chr17"	56304070	56305070	184
"chr4"	138304666	138305666	95	"chr4"	138303752	138304752	52
"chr19"	6046453	6047453	148	"chr19"	6045602	6046602	118
"chr19"	6046453	6047453	148	"chr19"	6045602	6046602	118
"chr16"	84835169	84836169	84	"chr16"	84834162	84835162	70
"chr7"	35555251	35556251	77	"chr7"	35554569	35555569	94
"chr2"	25271740	25272740	57	"chr2"	25271274	25272274	56
"chr2"	73910643	73911643	114	"chr2"	73911163	73912163	62
"chr2"	73910643	73911643	114	"chr2"	73910139	73911139	71
"chrUn_GL456392"	22178	23178	208	"chr8"	107096288	107097288	100
"chrUn_GL456392"	22178	23178	208	"chr2"	53190318	53191318	135
"chrUn_GL456392"	22178	23178	208	"chr8"	69183561	69184561	123
"chrUn_GL456392"	22178	23178	208	"chr2"	53190318	53191318	135
"chrUn_GL456392"	22178	23178	208	"chr10"	18196841	18197841	88
"chrUn_GL456392"	22178	23178	208	"chr8"	107096288	107097288	100
"chrUn_GL456392"	22178	23178	208	"chr2"	53190318	53191318	135
"chrUn_GL456392"	22178	23178	208	"chr8"	69183561	69184561	123
"chrUn_GL456392"	22178	23178	208	"chr2"	53190318	53191318	135
"chrUn_GL456392"	22178	23178	208	"chr10"	18196841	18197841	88
"chrUn_GL456392"	22178	23178	208	"chr8"	107096288	107097288	100
"chrUn_GL456392"	22178	23178	208	"chr2"	53190318	53191318	135
"chrUn_GL456392"	22178	23178	208	"chr8"	69183561	69184561	123
"chrUn_GL456392"	22178	23178	208	"chr2"	53190318	53191318	135
"chrUn_GL456392"	22178	23178	208	"chr10"	18196841	18197841	88
"chrUn_GL456392"	22178	23178	208	"chr8"	107096288	107097288	100
"chrUn_GL456392"	22178	23178	208	"chr2"	53190318	53191318	135
"chrUn_GL456392"	22178	23178	208	"chr8"	69183561	69184561	123
"chrUn_GL456392"	22178	23178	208	"chr2"	53190318	53191318	135
"chrUn_GL456392"	22178	23178	208	"chr10"	18196841	18197841	88
"chrUn_GL456392"	22178	23178	208	"chr8"	107096288	107097288	100
"chrUn_GL456392"	22178	23178	208	"chr2"	53190318	53191318	135
"chrUn_GL456392"	22178	23178	208	"chr8"	69183561	69184561	123
"chrUn_GL456392"	22178	23178	208	"chr2"	53190318	53191318	135
"chrUn_GL456392"	22178	23178	208	"chr10"	18196841	18197841	88
"chrUn_GL456389"	10142	11142	526	"chr8"	107096288	107097288	100
"chrUn_GL456389"	10142	11142	526	"chr2"	53190318	53191318	135
"chrUn_GL456389"	10142	11142	526	"chr8"	69183561	69184561	123
"chrUn_GL456389"	10142	11142	526	"chr2"	53190318	53191318	135
"chrUn_GL456389"	10142	11142	526	"chr10"	18196841	18197841	88
"chrUn_GL456392"	22178	23178	208	"chr8"	107096288	107097288	100
"chrUn_GL456392"	22178	23178	208	"chr2"	53190318	53191318	135
"chrUn_GL456392"	22178	23178	208	"chr8"	69183561	69184561	123
"chrUn_GL456392"	22178	23178	208	"chr2"	53190318	53191318	135
"chrUn_GL456392"	22178	23178	208	"chr10"	18196841	18197841	88
"chr17"	57010546	57011546	148	"chr17"	57011289	57012289	148
"chr5"	23843180	23844180	205	"chr5"	23843910	23844910	108
"chrUn_GL456392"	22178	23178	208	"chr2"	53190318	53191318	135
"chrUn_GL456392"	22178	23178	208	"chr8"	69183561	69184561	123
"chrUn_GL456392"	22178	23178	208	"chr2"	53190318	53191318	135
"chrUn_GL456392"	22178	23178	208	"chr10"	18196841	18197841	88
"chrUn_GL456392"	22178	23178	208	"chr8"	107096288	107097288	100
"chrUn_GL456392"	22178	23178	208	"chr2"	53190318	53191318	135
"chrUn_GL456392"	22178	23178	208	"chr8"	69183561	69184561	123
"chrUn_GL456392"	22178	23178	208	"chr2"	53190318	53191318	135
"chrUn_GL456392"	22178	23178	208	"chr10"	18196841	18197841	88
"chrUn_GL456392"	22178	23178	208	"chr8"	107096288	107097288	100
"chrUn_GL456392"	22178	23178	208	"chr2"	53190318	53191318	135
"chrUn_GL456392"	22178	23178	208	"chr8"	69183561	69184561	123
"chrUn_GL456392"	22178	23178	208	"chr2"	53190318	53191318	135
"chrUn_GL456392"	22178	23178	208	"chr10"	18196841	18197841	88
"chrUn_GL456392"	22178	23178	208	"chr8"	107096288	107097288	100
"chrUn_GL456392"	22178	23178	208	"chr2"	53190318	53191318	135
"chrUn_GL456392"	22178	23178	208	"chr8"	69183561	69184561	123
"chrUn_GL456392"	22178	23178	208	"chr2"	53190318	53191318	135
"chrUn_GL456392"	22178	23178	208	"chr10"	18196841	18197841	88
"chrUn_GL456392"	22178	23178	208	"chr8"	107096288	107097288	100
"chrUn_GL456392"	22178	23178	208	"chr2"	53190318	53191318	135
"chrUn_GL456392"	22178	23178	208	"chr8"	69183561	69184561	123
"chrUn_GL456392"	22178	23178	208	"chr2"	53190318	53191318	135
"chrUn_GL456392"	22178	23178	208	"chr10"	18196841	18197841	88
"chrUn_GL456392"	22178	23178	208	"chr8"	107096288	107097288	100
"chrUn_GL456389"	10142	11142	526	"chr2"	53190318	53191318	135
"chrUn_GL456389"	10142	11142	526	"chr8"	69183561	69184561	123
"chrUn_GL456389"	10142	11142	526	"chr2"	53190318	53191318	135
"chrUn_GL456389"	10142	11142	526	"chr10"	18196841	18197841	88
"chrUn_GL456389"	10142	11142	526	"chr8"	107096288	107097288	100
"chrUn_GL456392"	22178	23178	208	"chr2"	53190318	53191318	135
"chrUn_GL456392"	22178	23178	208	"chr8"	69183561	69184561	123
"chrUn_GL456392"	22178	23178	208	"chr2"	53190318	53191318	135
"chrUn_GL456392"	22178	23178	208	"chr10"	18196841	18197841	88
"chrUn_GL456392"	22178	23178	208	"chr8"	107096288	107097288	100
"chrUn_GL456392"	22178	23178	208	"chr10"	18196841	18197841	88
"chrUn_GL456392"	22178	23178	208	"chr8"	69183561	69184561	123
"chrUn_GL456392"	22178	23178	208	"chr2"	53190318	53191318	135
"chrUn_GL456392"	22178	23178	208	"chr2"	53190318	53191318	135
"chrUn_GL456392"	22178	23178	208	"chr8"	107096288	107097288	100
"chrUn_GL456392"	22178	23178	208	"chr10"	18196841	18197841	88
"chrUn_GL456392"	22178	23178	208	"chr8"	69183561	69184561	123
"chrUn_GL456392"	22178	23178	208	"chr2"	53190318	53191318	135
"chrUn_GL456392"	22178	23178	208	"chr2"	53190318	53191318	135
"chrUn_GL456392"	22178	23178	208	"chr8"	107096288	107097288	100
"chrUn_GL456392"	22178	23178	208	"chr10"	18196841	18197841	88
"chrUn_GL456392"	22178	23178	208	"chr8"	69183561	69184561	123
"chrUn_GL456392"	22178	23178	208	"chr2"	53190318	53191318	135
"chrUn_GL456392"	22178	23178	208	"chr2"	53190318	53191318	135
"chrUn_GL456392"	22178	23178	208	"chr8"	107096288	107097288	100
"chrUn_GL456392"	22178	23178	208	"chr10"	18196841	18197841	88
"chrUn_GL456392"	22178	23178	208	"chr8"	69183561	69184561	123
"chrUn_GL456392"	22178	23178	208	"chr2"	53190318	53191318	135
"chrUn_GL456392"	22178	23178	208	"chr2"	53190318	53191318	135
"chrUn_GL456392"	22178	23178	208	"chr8"	107096288	107097288	100
"chrUn_GL456392"	22178	23178	208	"chr10"	18196841	18197841	88
"chrUn_GL456392"	22178	23178	208	"chr8"	69183561	69184561	123
"chrUn_GL456392"	22178	23178	208	"chr2"	53190318	53191318	135
"chrUn_GL456392"	22178	23178	208	"chr2"	53190318	53191318	135
"chrUn_GL456392"	22178	23178	208	"chr8"	107096288	107097288	100
"chrUn_GL456389"	10142	11142	526	"chr10"	18196841	18197841	88
"chrUn_GL456389"	10142	11142	526	"chr8"	69183561	69184561	123
"chrUn_GL456389"	10142	11142	526	"chr2"	53190318	53191318	135
"chrUn_GL456389"	10142	11142	526	"chr2"	53190318	53191318	135
"chrUn_GL456389"	10142	11142	526	"chr8"	107096288	107097288	100
"chrUn_GL456392"	22178	23178	208	"chr10"	18196841	18197841	88
"chrUn_GL456392"	22178	23178	208	"chr8"	69183561	69184561	123
"chrUn_GL456392"	22178	23178	208	"chr2"	53190318	53191318	135
"chrUn_GL456392"	22178	23178	208	"chr2"	53190318	53191318	135
"chrUn_GL456392"	22178	23178	208	"chr8"	107096288	107097288	100
"chr7"	127745336	127746336	132	"chr7"	127745893	127746893	55
"chr7"	127745336	127746336	132	"chr7"	127744663	127745663	103
"chr12"	106010214	106011214	142	"chr12"	105962619	105963619	87
"chrUn_GL456392"	22178	23178	208	"chr8"	107096288	107097288	100
"chrUn_GL456392"	22178	23178	208	"chr8"	69183561	69184561	123
"chrUn_GL456392"	22178	23178	208	"chr2"	53190318	53191318	135
"chrUn_GL456392"	22178	23178	208	"chr10"	18196841	18197841	88
"chrUn_GL456392"	22178	23178	208	"chr2"	53190318	53191318	135
"chrUn_GL456392"	22178	23178	208	"chr8"	107096288	107097288	100
"chrUn_GL456392"	22178	23178	208	"chr8"	69183561	69184561	123
"chrUn_GL456392"	22178	23178	208	"chr2"	53190318	53191318	135
"chrUn_GL456392"	22178	23178	208	"chr10"	18196841	18197841	88
"chrUn_GL456392"	22178	23178	208	"chr2"	53190318	53191318	135
"chrUn_GL456392"	22178	23178	208	"chr8"	107096288	107097288	100
"chrUn_GL456392"	22178	23178	208	"chr8"	69183561	69184561	123
"chrUn_GL456392"	22178	23178	208	"chr2"	53190318	53191318	135
"chrUn_GL456392"	22178	23178	208	"chr10"	18196841	18197841	88
"chrUn_GL456392"	22178	23178	208	"chr2"	53190318	53191318	135
"chrUn_GL456392"	22178	23178	208	"chr8"	107096288	107097288	100
"chrUn_GL456392"	22178	23178	208	"chr8"	69183561	69184561	123
"chrUn_GL456392"	22178	23178	208	"chr2"	53190318	53191318	135
"chrUn_GL456392"	22178	23178	208	"chr10"	18196841	18197841	88
"chrUn_GL456392"	22178	23178	208	"chr2"	53190318	53191318	135
"chrUn_GL456392"	22178	23178	208	"chr8"	107096288	107097288	100
"chrUn_GL456392"	22178	23178	208	"chr8"	69183561	69184561	123
"chrUn_GL456392"	22178	23178	208	"chr2"	53190318	53191318	135
"chrUn_GL456392"	22178	23178	208	"chr10"	18196841	18197841	88
"chrUn_GL456392"	22178	23178	208	"chr2"	53190318	53191318	135
"chrUn_GL456389"	10142	11142	526	"chr8"	107096288	107097288	100
"chrUn_GL456389"	10142	11142	526	"chr8"	69183561	69184561	123
"chrUn_GL456389"	10142	11142	526	"chr2"	53190318	53191318	135
"chrUn_GL456389"	10142	11142	526	"chr10"	18196841	18197841	88
"chrUn_GL456389"	10142	11142	526	"chr2"	53190318	53191318	135
"chrUn_GL456392"	22178	23178	208	"chr8"	107096288	107097288	100
"chrUn_GL456392"	22178	23178	208	"chr8"	69183561	69184561	123
"chrUn_GL456392"	22178	23178	208	"chr2"	53190318	53191318	135
"chrUn_GL456392"	22178	23178	208	"chr10"	18196841	18197841	88
"chrUn_GL456392"	22178	23178	208	"chr2"	53190318	53191318	135
"chrUn_GL456392"	22178	23178	208	"chr8"	69183561	69184561	123
"chrUn_GL456392"	22178	23178	208	"chr2"	53190318	53191318	135
"chrUn_GL456392"	22178	23178	208	"chr2"	53190318	53191318	135
"chrUn_GL456392"	22178	23178	208	"chr10"	18196841	18197841	88
"chrUn_GL456392"	22178	23178	208	"chr8"	107096288	107097288	100
"chrUn_GL456392"	22178	23178	208	"chr8"	69183561	69184561	123
"chrUn_GL456392"	22178	23178	208	"chr2"	53190318	53191318	135
"chrUn_GL456392"	22178	23178	208	"chr2"	53190318	53191318	135
"chrUn_GL456392"	22178	23178	208	"chr10"	18196841	18197841	88
"chrUn_GL456392"	22178	23178	208	"chr8"	107096288	107097288	100
"chrUn_GL456392"	22178	23178	208	"chr8"	69183561	69184561	123
"chrUn_GL456392"	22178	23178	208	"chr2"	53190318	53191318	135
"chrUn_GL456392"	22178	23178	208	"chr2"	53190318	53191318	135
"chrUn_GL456392"	22178	23178	208	"chr10"	18196841	18197841	88
"chrUn_GL456392"	22178	23178	208	"chr8"	107096288	107097288	100
"chrUn_GL456392"	22178	23178	208	"chr8"	69183561	69184561	123
"chrUn_GL456392"	22178	23178	208	"chr2"	53190318	53191318	135
"chrUn_GL456392"	22178	23178	208	"chr2"	53190318	53191318	135
"chrUn_GL456392"	22178	23178	208	"chr10"	18196841	18197841	88
"chrUn_GL456392"	22178	23178	208	"chr8"	107096288	107097288	100
"chrUn_GL456392"	22178	23178	208	"chr8"	69183561	69184561	123
"chrUn_GL456392"	22178	23178	208	"chr2"	53190318	53191318	135
"chrUn_GL456392"	22178	23178	208	"chr2"	53190318	53191318	135
"chrUn_GL456392"	22178	23178	208	"chr10"	18196841	18197841	88
"chrUn_GL456392"	22178	23178	208	"chr8"	107096288	107097288	100
"chrUn_GL456389"	10142	11142	526	"chr8"	69183561	69184561	123
"chrUn_GL456389"	10142	11142	526	"chr2"	53190318	53191318	135
"chrUn_GL456389"	10142	11142	526	"chr2"	53190318	53191318	135
"chrUn_GL456389"	10142	11142	526	"chr10"	18196841	18197841	88
"chrUn_GL456389"	10142	11142	526	"chr8"	107096288	107097288	100
"chrUn_GL456392"	22178	23178	208	"chr8"	69183561	69184561	123
"chrUn_GL456392"	22178	23178	208	"chr2"	53190318	53191318	135
"chrUn_GL456392"	22178	23178	208	"chr2"	53190318	53191318	135
"chrUn_GL456392"	22178	23178	208	"chr10"	18196841	18197841	88
"chrUn_GL456392"	22178	23178	208	"chr8"	107096288	107097288	100
"chr19"	6117917	6118917	88	"chr19"	6117252	6118252	80
"chr11"	6625719	6626719	114	"chr11"	6624866	6625866	84
"chr5"	33273838	33274838	161	"chr5"	33274439	33275439	93
"chr5"	33273838	33274838	161	"chr5"	33274875	33275875	77
"chr17"	34951624	34952624	186	"chr17"	34952310	34953310	96
"chrUn_GL456392"	22178	23178	208	"chr8"	107096288	107097288	100
"chrUn_GL456392"	22178	23178	208	"chr10"	18196841	18197841	88
"chrUn_GL456392"	22178	23178	208	"chr2"	53190318	53191318	135
"chrUn_GL456392"	22178	23178	208	"chr8"	69183561	69184561	123
"chrUn_GL456392"	22178	23178	208	"chr2"	53190318	53191318	135
"chrUn_GL456392"	22178	23178	208	"chr8"	107096288	107097288	100
"chrUn_GL456392"	22178	23178	208	"chr10"	18196841	18197841	88
"chrUn_GL456392"	22178	23178	208	"chr2"	53190318	53191318	135
"chrUn_GL456392"	22178	23178	208	"chr8"	69183561	69184561	123
"chrUn_GL456392"	22178	23178	208	"chr2"	53190318	53191318	135
"chrUn_GL456392"	22178	23178	208	"chr8"	107096288	107097288	100
"chrUn_GL456392"	22178	23178	208	"chr10"	18196841	18197841	88
"chrUn_GL456392"	22178	23178	208	"chr2"	53190318	53191318	135
"chrUn_GL456392"	22178	23178	208	"chr8"	69183561	69184561	123
"chrUn_GL456392"	22178	23178	208	"chr2"	53190318	53191318	135
"chrUn_GL456392"	22178	23178	208	"chr8"	107096288	107097288	100
"chrUn_GL456392"	22178	23178	208	"chr10"	18196841	18197841	88
"chrUn_GL456392"	22178	23178	208	"chr2"	53190318	53191318	135
"chrUn_GL456392"	22178	23178	208	"chr8"	69183561	69184561	123
"chrUn_GL456392"	22178	23178	208	"chr2"	53190318	53191318	135
"chrUn_GL456392"	22178	23178	208	"chr8"	107096288	107097288	100
"chrUn_GL456392"	22178	23178	208	"chr10"	18196841	18197841	88
"chrUn_GL456392"	22178	23178	208	"chr2"	53190318	53191318	135
"chrUn_GL456392"	22178	23178	208	"chr8"	69183561	69184561	123
"chrUn_GL456392"	22178	23178	208	"chr2"	53190318	53191318	135
"chrUn_GL456389"	10142	11142	526	"chr8"	107096288	107097288	100
"chrUn_GL456389"	10142	11142	526	"chr10"	18196841	18197841	88
"chrUn_GL456389"	10142	11142	526	"chr2"	53190318	53191318	135
"chrUn_GL456389"	10142	11142	526	"chr8"	69183561	69184561	123
"chrUn_GL456389"	10142	11142	526	"chr2"	53190318	53191318	135
"chrUn_GL456392"	22178	23178	208	"chr8"	107096288	107097288	100
"chrUn_GL456392"	22178	23178	208	"chr10"	18196841	18197841	88
"chrUn_GL456392"	22178	23178	208	"chr2"	53190318	53191318	135
"chrUn_GL456392"	22178	23178	208	"chr8"	69183561	69184561	123
"chrUn_GL456392"	22178	23178	208	"chr2"	53190318	53191318	135
"chr4"	101647459	101648459	184	"chr4"	101646938	101647938	103
"chr4"	101647459	101648459	184	"chr4"	101646938	101647938	103
"chr18"	38250078	38251078	182	"chr18"	38249481	38250481	65
"chrUn_GL456392"	22178	23178	208	"chr2"	53190318	53191318	135
"chrUn_GL456392"	22178	23178	208	"chr8"	69183561	69184561	123
"chrUn_GL456392"	22178	23178	208	"chr2"	53190318	53191318	135
"chrUn_GL456392"	22178	23178	208	"chr10"	18196841	18197841	88
"chrUn_GL456392"	22178	23178	208	"chr8"	107096288	107097288	100
"chrUn_GL456392"	22178	23178	208	"chr2"	53190318	53191318	135
"chrUn_GL456392"	22178	23178	208	"chr8"	69183561	69184561	123
"chrUn_GL456392"	22178	23178	208	"chr2"	53190318	53191318	135
"chrUn_GL456392"	22178	23178	208	"chr10"	18196841	18197841	88
"chrUn_GL456392"	22178	23178	208	"chr8"	107096288	107097288	100
"chrUn_GL456392"	22178	23178	208	"chr2"	53190318	53191318	135
"chrUn_GL456392"	22178	23178	208	"chr8"	69183561	69184561	123
"chrUn_GL456392"	22178	23178	208	"chr2"	53190318	53191318	135
"chrUn_GL456392"	22178	23178	208	"chr10"	18196841	18197841	88
"chrUn_GL456392"	22178	23178	208	"chr8"	107096288	107097288	100
"chrUn_GL456392"	22178	23178	208	"chr2"	53190318	53191318	135
"chrUn_GL456392"	22178	23178	208	"chr8"	69183561	69184561	123
"chrUn_GL456392"	22178	23178	208	"chr2"	53190318	53191318	135
"chrUn_GL456392"	22178	23178	208	"chr10"	18196841	18197841	88
"chrUn_GL456392"	22178	23178	208	"chr8"	107096288	107097288	100
"chrUn_GL456392"	22178	23178	208	"chr2"	53190318	53191318	135
"chrUn_GL456392"	22178	23178	208	"chr8"	69183561	69184561	123
"chrUn_GL456392"	22178	23178	208	"chr2"	53190318	53191318	135
"chrUn_GL456392"	22178	23178	208	"chr10"	18196841	18197841	88
"chrUn_GL456392"	22178	23178	208	"chr8"	107096288	107097288	100
"chrUn_GL456389"	10142	11142	526	"chr2"	53190318	53191318	135
"chrUn_GL456389"	10142	11142	526	"chr8"	69183561	69184561	123
"chrUn_GL456389"	10142	11142	526	"chr2"	53190318	53191318	135
"chrUn_GL456389"	10142	11142	526	"chr10"	18196841	18197841	88
"chrUn_GL456389"	10142	11142	526	"chr8"	107096288	107097288	100
"chrUn_GL456392"	22178	23178	208	"chr2"	53190318	53191318	135
"chrUn_GL456392"	22178	23178	208	"chr8"	69183561	69184561	123
"chrUn_GL456392"	22178	23178	208	"chr2"	53190318	53191318	135
"chrUn_GL456392"	22178	23178	208	"chr10"	18196841	18197841	88
"chrUn_GL456392"	22178	23178	208	"chr8"	107096288	107097288	100
"chr4"	133967211	133968211	118	"chr4"	133928863	133929863	52
"chr4"	133967211	133968211	118	"chr4"	133966488	133967488	125
"chr11"	95413881	95414881	105	"chr11"	95414626	95415626	71
"chr8"	88362030	88363030	86	"chr8"	88361172	88362172	85
"chr3"	90432766	90433766	122	"chr3"	90433533	90434533	122
"chr9"	72662205	72663205	76	"chr9"	72661511	72662511	83
"chr14"	64440474	64441474	69	"chr14"	64439784	64440784	143
"chrUn_GL456392"	22178	23178	208	"chr10"	18196841	18197841	88
"chrUn_GL456392"	22178	23178	208	"chr2"	53190318	53191318	135
"chrUn_GL456392"	22178	23178	208	"chr2"	53190318	53191318	135
"chrUn_GL456392"	22178	23178	208	"chr8"	69183561	69184561	123
"chrUn_GL456392"	22178	23178	208	"chr8"	107096288	107097288	100
"chrUn_GL456392"	22178	23178	208	"chr10"	18196841	18197841	88
"chrUn_GL456392"	22178	23178	208	"chr2"	53190318	53191318	135
"chrUn_GL456392"	22178	23178	208	"chr2"	53190318	53191318	135
"chrUn_GL456392"	22178	23178	208	"chr8"	69183561	69184561	123
"chrUn_GL456392"	22178	23178	208	"chr8"	107096288	107097288	100
"chrUn_GL456392"	22178	23178	208	"chr10"	18196841	18197841	88
"chrUn_GL456392"	22178	23178	208	"chr2"	53190318	53191318	135
"chrUn_GL456392"	22178	23178	208	"chr2"	53190318	53191318	135
"chrUn_GL456392"	22178	23178	208	"chr8"	69183561	69184561	123
"chrUn_GL456392"	22178	23178	208	"chr8"	107096288	107097288	100
"chrUn_GL456392"	22178	23178	208	"chr10"	18196841	18197841	88
"chrUn_GL456392"	22178	23178	208	"chr2"	53190318	53191318	135
"chrUn_GL456392"	22178	23178	208	"chr2"	53190318	53191318	135
"chrUn_GL456392"	22178	23178	208	"chr8"	69183561	69184561	123
"chrUn_GL456392"	22178	23178	208	"chr8"	107096288	107097288	100
"chrUn_GL456392"	22178	23178	208	"chr10"	18196841	18197841	88
"chrUn_GL456392"	22178	23178	208	"chr2"	53190318	53191318	135
"chrUn_GL456392"	22178	23178	208	"chr2"	53190318	53191318	135
"chrUn_GL456392"	22178	23178	208	"chr8"	69183561	69184561	123
"chrUn_GL456392"	22178	23178	208	"chr8"	107096288	107097288	100
"chrUn_GL456389"	10142	11142	526	"chr10"	18196841	18197841	88
"chrUn_GL456389"	10142	11142	526	"chr2"	53190318	53191318	135
"chrUn_GL456389"	10142	11142	526	"chr2"	53190318	53191318	135
"chrUn_GL456389"	10142	11142	526	"chr8"	69183561	69184561	123
"chrUn_GL456389"	10142	11142	526	"chr8"	107096288	107097288	100
"chrUn_GL456392"	22178	23178	208	"chr10"	18196841	18197841	88
"chrUn_GL456392"	22178	23178	208	"chr2"	53190318	53191318	135
"chrUn_GL456392"	22178	23178	208	"chr2"	53190318	53191318	135
"chrUn_GL456392"	22178	23178	208	"chr8"	69183561	69184561	123
"chrUn_GL456392"	22178	23178	208	"chr8"	107096288	107097288	100
"chr1"	71102974	71103974	182	"chr1"	71101976	71102976	175
"chr6"	38534675	38535675	115	"chr6"	38533634	38534634	74
"chr6"	38534675	38535675	115	"chr6"	38534012	38535012	62
"chr6"	38534675	38535675	115	"chr6"	38532886	38533886	74
"chrUn_GL456392"	22178	23178	208	"chr8"	69183561	69184561	123
"chrUn_GL456392"	22178	23178	208	"chr2"	53190318	53191318	135
"chrUn_GL456392"	22178	23178	208	"chr10"	18196841	18197841	88
"chrUn_GL456392"	22178	23178	208	"chr2"	53190318	53191318	135
"chrUn_GL456392"	22178	23178	208	"chr8"	107096288	107097288	100
"chrUn_GL456392"	22178	23178	208	"chr8"	69183561	69184561	123
"chrUn_GL456392"	22178	23178	208	"chr2"	53190318	53191318	135
"chrUn_GL456392"	22178	23178	208	"chr10"	18196841	18197841	88
"chrUn_GL456392"	22178	23178	208	"chr2"	53190318	53191318	135
"chrUn_GL456392"	22178	23178	208	"chr8"	107096288	107097288	100
"chrUn_GL456392"	22178	23178	208	"chr8"	69183561	69184561	123
"chrUn_GL456392"	22178	23178	208	"chr2"	53190318	53191318	135
"chrUn_GL456392"	22178	23178	208	"chr10"	18196841	18197841	88
"chrUn_GL456392"	22178	23178	208	"chr2"	53190318	53191318	135
"chrUn_GL456392"	22178	23178	208	"chr8"	107096288	107097288	100
"chrUn_GL456392"	22178	23178	208	"chr8"	69183561	69184561	123
"chrUn_GL456392"	22178	23178	208	"chr2"	53190318	53191318	135
"chrUn_GL456392"	22178	23178	208	"chr10"	18196841	18197841	88
"chrUn_GL456392"	22178	23178	208	"chr2"	53190318	53191318	135
"chrUn_GL456392"	22178	23178	208	"chr8"	107096288	107097288	100
"chrUn_GL456392"	22178	23178	208	"chr8"	69183561	69184561	123
"chrUn_GL456392"	22178	23178	208	"chr2"	53190318	53191318	135
"chrUn_GL456392"	22178	23178	208	"chr10"	18196841	18197841	88
"chrUn_GL456392"	22178	23178	208	"chr2"	53190318	53191318	135
"chrUn_GL456392"	22178	23178	208	"chr8"	107096288	107097288	100
"chrUn_GL456389"	10142	11142	526	"chr8"	69183561	69184561	123
"chrUn_GL456389"	10142	11142	526	"chr2"	53190318	53191318	135
"chrUn_GL456389"	10142	11142	526	"chr10"	18196841	18197841	88
"chrUn_GL456389"	10142	11142	526	"chr2"	53190318	53191318	135
"chrUn_GL456389"	10142	11142	526	"chr8"	107096288	107097288	100
"chrUn_GL456392"	22178	23178	208	"chr8"	69183561	69184561	123
"chrUn_GL456392"	22178	23178	208	"chr2"	53190318	53191318	135
"chrUn_GL456392"	22178	23178	208	"chr10"	18196841	18197841	88
"chrUn_GL456392"	22178	23178	208	"chr2"	53190318	53191318	135
"chrUn_GL456392"	22178	23178	208	"chr8"	107096288	107097288	100
"chr5"	105876858	105877858	76	"chr5"	105876177	105877177	84
"chr3"	127552712	127553712	62	"chr3"	127552165	127553165	55
"chr3"	138442941	138443941	114	"chr3"	138442206	138443206	80
"chr10"	77606345	77607345	120	"chr10"	77605900	77606900	84
"chrUn_GL456392"	22178	23178	208	"chr10"	18196841	18197841	88
"chrUn_GL456392"	22178	23178	208	"chr8"	69183561	69184561	123
"chrUn_GL456392"	22178	23178	208	"chr2"	53190318	53191318	135
"chrUn_GL456392"	22178	23178	208	"chr8"	107096288	107097288	100
"chrUn_GL456392"	22178	23178	208	"chr2"	53190318	53191318	135
"chrUn_GL456392"	22178	23178	208	"chr10"	18196841	18197841	88
"chrUn_GL456392"	22178	23178	208	"chr8"	69183561	69184561	123
"chrUn_GL456392"	22178	23178	208	"chr2"	53190318	53191318	135
"chrUn_GL456392"	22178	23178	208	"chr8"	107096288	107097288	100
"chrUn_GL456392"	22178	23178	208	"chr2"	53190318	53191318	135
"chrUn_GL456392"	22178	23178	208	"chr10"	18196841	18197841	88
"chrUn_GL456392"	22178	23178	208	"chr8"	69183561	69184561	123
"chrUn_GL456392"	22178	23178	208	"chr2"	53190318	53191318	135
"chrUn_GL456392"	22178	23178	208	"chr8"	107096288	107097288	100
"chrUn_GL456392"	22178	23178	208	"chr2"	53190318	53191318	135
"chrUn_GL456392"	22178	23178	208	"chr10"	18196841	18197841	88
"chrUn_GL456392"	22178	23178	208	"chr8"	69183561	69184561	123
"chrUn_GL456392"	22178	23178	208	"chr2"	53190318	53191318	135
"chrUn_GL456392"	22178	23178	208	"chr8"	107096288	107097288	100
"chrUn_GL456392"	22178	23178	208	"chr2"	53190318	53191318	135
"chrUn_GL456392"	22178	23178	208	"chr10"	18196841	18197841	88
"chrUn_GL456392"	22178	23178	208	"chr8"	69183561	69184561	123
"chrUn_GL456392"	22178	23178	208	"chr2"	53190318	53191318	135
"chrUn_GL456392"	22178	23178	208	"chr8"	107096288	107097288	100
"chrUn_GL456392"	22178	23178	208	"chr2"	53190318	53191318	135
"chrUn_GL456389"	10142	11142	526	"chr10"	18196841	18197841	88
"chrUn_GL456389"	10142	11142	526	"chr8"	69183561	69184561	123
"chrUn_GL456389"	10142	11142	526	"chr2"	53190318	53191318	135
"chrUn_GL456389"	10142	11142	526	"chr8"	107096288	107097288	100
"chrUn_GL456389"	10142	11142	526	"chr2"	53190318	53191318	135
"chrUn_GL456392"	22178	23178	208	"chr10"	18196841	18197841	88
"chrUn_GL456392"	22178	23178	208	"chr8"	69183561	69184561	123
"chrUn_GL456392"	22178	23178	208	"chr2"	53190318	53191318	135
"chrUn_GL456392"	22178	23178	208	"chr8"	107096288	107097288	100
"chrUn_GL456392"	22178	23178	208	"chr2"	53190318	53191318	135
"chrUn_GL456392"	22178	23178	208	"chr10"	18196841	18197841	88
"chrUn_GL456392"	22178	23178	208	"chr2"	53190318	53191318	135
"chrUn_GL456392"	22178	23178	208	"chr2"	53190318	53191318	135
"chrUn_GL456392"	22178	23178	208	"chr8"	107096288	107097288	100
"chrUn_GL456392"	22178	23178	208	"chr8"	69183561	69184561	123
"chrUn_GL456392"	22178	23178	208	"chr10"	18196841	18197841	88
"chrUn_GL456392"	22178	23178	208	"chr2"	53190318	53191318	135
"chrUn_GL456392"	22178	23178	208	"chr2"	53190318	53191318	135
"chrUn_GL456392"	22178	23178	208	"chr8"	107096288	107097288	100
"chrUn_GL456392"	22178	23178	208	"chr8"	69183561	69184561	123
"chrUn_GL456392"	22178	23178	208	"chr10"	18196841	18197841	88
"chrUn_GL456392"	22178	23178	208	"chr2"	53190318	53191318	135
"chrUn_GL456392"	22178	23178	208	"chr2"	53190318	53191318	135
"chrUn_GL456392"	22178	23178	208	"chr8"	107096288	107097288	100
"chrUn_GL456392"	22178	23178	208	"chr8"	69183561	69184561	123
"chrUn_GL456392"	22178	23178	208	"chr10"	18196841	18197841	88
"chrUn_GL456392"	22178	23178	208	"chr2"	53190318	53191318	135
"chrUn_GL456392"	22178	23178	208	"chr2"	53190318	53191318	135
"chrUn_GL456392"	22178	23178	208	"chr8"	107096288	107097288	100
"chrUn_GL456392"	22178	23178	208	"chr8"	69183561	69184561	123
"chrUn_GL456392"	22178	23178	208	"chr10"	18196841	18197841	88
"chrUn_GL456392"	22178	23178	208	"chr2"	53190318	53191318	135
"chrUn_GL456392"	22178	23178	208	"chr2"	53190318	53191318	135
"chrUn_GL456392"	22178	23178	208	"chr8"	107096288	107097288	100
"chrUn_GL456392"	22178	23178	208	"chr8"	69183561	69184561	123
"chrUn_GL456389"	10142	11142	526	"chr10"	18196841	18197841	88
"chrUn_GL456389"	10142	11142	526	"chr2"	53190318	53191318	135
"chrUn_GL456389"	10142	11142	526	"chr2"	53190318	53191318	135
"chrUn_GL456389"	10142	11142	526	"chr8"	107096288	107097288	100
"chrUn_GL456389"	10142	11142	526	"chr8"	69183561	69184561	123
"chrUn_GL456392"	22178	23178	208	"chr10"	18196841	18197841	88
"chrUn_GL456392"	22178	23178	208	"chr2"	53190318	53191318	135
"chrUn_GL456392"	22178	23178	208	"chr2"	53190318	53191318	135
"chrUn_GL456392"	22178	23178	208	"chr8"	107096288	107097288	100
"chrUn_GL456392"	22178	23178	208	"chr8"	69183561	69184561	123
"chr5"	101239059	101240059	114	"chr5"	100845708	100846708	77
"chr17"	20945318	20946318	135	"chr17"	20944385	20945385	222
"chr8"	4275058	4276058	212	"chr8"	4275648	4276648	96
"chr19"	60789628	60790628	116	"chr19"	60790566	60791566	81
"chr19"	60789628	60790628	116	"chr19"	60790566	60791566	81
"chrUn_GL456392"	22178	23178	208	"chr10"	18196841	18197841	88
"chrUn_GL456392"	22178	23178	208	"chr2"	53190318	53191318	135
"chrUn_GL456392"	22178	23178	208	"chr8"	107096288	107097288	100
"chrUn_GL456392"	22178	23178	208	"chr8"	69183561	69184561	123
"chrUn_GL456392"	22178	23178	208	"chr2"	53190318	53191318	135
"chrUn_GL456392"	22178	23178	208	"chr10"	18196841	18197841	88
"chrUn_GL456392"	22178	23178	208	"chr2"	53190318	53191318	135
"chrUn_GL456392"	22178	23178	208	"chr8"	107096288	107097288	100
"chrUn_GL456392"	22178	23178	208	"chr8"	69183561	69184561	123
"chrUn_GL456392"	22178	23178	208	"chr2"	53190318	53191318	135
"chrUn_GL456392"	22178	23178	208	"chr10"	18196841	18197841	88
"chrUn_GL456392"	22178	23178	208	"chr2"	53190318	53191318	135
"chrUn_GL456392"	22178	23178	208	"chr8"	107096288	107097288	100
"chrUn_GL456392"	22178	23178	208	"chr8"	69183561	69184561	123
"chrUn_GL456392"	22178	23178	208	"chr2"	53190318	53191318	135
"chrUn_GL456392"	22178	23178	208	"chr10"	18196841	18197841	88
"chrUn_GL456392"	22178	23178	208	"chr2"	53190318	53191318	135
"chrUn_GL456392"	22178	23178	208	"chr8"	107096288	107097288	100
"chrUn_GL456392"	22178	23178	208	"chr8"	69183561	69184561	123
"chrUn_GL456392"	22178	23178	208	"chr2"	53190318	53191318	135
"chrUn_GL456392"	22178	23178	208	"chr10"	18196841	18197841	88
"chrUn_GL456392"	22178	23178	208	"chr2"	53190318	53191318	135
"chrUn_GL456392"	22178	23178	208	"chr8"	107096288	107097288	100
"chrUn_GL456392"	22178	23178	208	"chr8"	69183561	69184561	123
"chrUn_GL456392"	22178	23178	208	"chr2"	53190318	53191318	135
"chrUn_GL456389"	10142	11142	526	"chr10"	18196841	18197841	88
"chrUn_GL456389"	10142	11142	526	"chr2"	53190318	53191318	135
"chrUn_GL456389"	10142	11142	526	"chr8"	107096288	107097288	100
"chrUn_GL456389"	10142	11142	526	"chr8"	69183561	69184561	123
"chrUn_GL456389"	10142	11142	526	"chr2"	53190318	53191318	135
"chrUn_GL456392"	22178	23178	208	"chr10"	18196841	18197841	88
"chrUn_GL456392"	22178	23178	208	"chr2"	53190318	53191318	135
"chrUn_GL456392"	22178	23178	208	"chr8"	107096288	107097288	100
"chrUn_GL456392"	22178	23178	208	"chr8"	69183561	69184561	123
"chrUn_GL456392"	22178	23178	208	"chr2"	53190318	53191318	135
"chrUn_GL456392"	22178	23178	208	"chr8"	107096288	107097288	100
"chrUn_GL456392"	22178	23178	208	"chr2"	53190318	53191318	135
"chrUn_GL456392"	22178	23178	208	"chr8"	69183561	69184561	123
"chrUn_GL456392"	22178	23178	208	"chr10"	18196841	18197841	88
"chrUn_GL456392"	22178	23178	208	"chr2"	53190318	53191318	135
"chrUn_GL456392"	22178	23178	208	"chr8"	107096288	107097288	100
"chrUn_GL456392"	22178	23178	208	"chr2"	53190318	53191318	135
"chrUn_GL456392"	22178	23178	208	"chr8"	69183561	69184561	123
"chrUn_GL456392"	22178	23178	208	"chr10"	18196841	18197841	88
"chrUn_GL456392"	22178	23178	208	"chr2"	53190318	53191318	135
"chrUn_GL456392"	22178	23178	208	"chr8"	107096288	107097288	100
"chrUn_GL456392"	22178	23178	208	"chr2"	53190318	53191318	135
"chrUn_GL456392"	22178	23178	208	"chr8"	69183561	69184561	123
"chrUn_GL456392"	22178	23178	208	"chr10"	18196841	18197841	88
"chrUn_GL456392"	22178	23178	208	"chr2"	53190318	53191318	135
"chrUn_GL456392"	22178	23178	208	"chr8"	107096288	107097288	100
"chrUn_GL456392"	22178	23178	208	"chr2"	53190318	53191318	135
"chrUn_GL456392"	22178	23178	208	"chr8"	69183561	69184561	123
"chrUn_GL456392"	22178	23178	208	"chr10"	18196841	18197841	88
"chrUn_GL456392"	22178	23178	208	"chr2"	53190318	53191318	135
"chrUn_GL456392"	22178	23178	208	"chr8"	107096288	107097288	100
"chrUn_GL456392"	22178	23178	208	"chr2"	53190318	53191318	135
"chrUn_GL456392"	22178	23178	208	"chr8"	69183561	69184561	123
"chrUn_GL456392"	22178	23178	208	"chr10"	18196841	18197841	88
"chrUn_GL456392"	22178	23178	208	"chr2"	53190318	53191318	135
"chrUn_GL456389"	10142	11142	526	"chr8"	107096288	107097288	100
"chrUn_GL456389"	10142	11142	526	"chr2"	53190318	53191318	135
"chrUn_GL456389"	10142	11142	526	"chr8"	69183561	69184561	123
"chrUn_GL456389"	10142	11142	526	"chr10"	18196841	18197841	88
"chrUn_GL456389"	10142	11142	526	"chr2"	53190318	53191318	135
"chrUn_GL456392"	22178	23178	208	"chr8"	107096288	107097288	100
"chrUn_GL456392"	22178	23178	208	"chr2"	53190318	53191318	135
"chrUn_GL456392"	22178	23178	208	"chr8"	69183561	69184561	123
"chrUn_GL456392"	22178	23178	208	"chr10"	18196841	18197841	88
"chrUn_GL456392"	22178	23178	208	"chr2"	53190318	53191318	135
"chr1"	128591503	128592503	104	"chr1"	128590546	128591546	97
"chr1"	128591503	128592503	104	"chr1"	128590190	128591190	40
"chr1"	128591503	128592503	104	"chr1"	128832184	128833184	66
"chr14"	56777604	56778604	116	"chr14"	56777081	56778081	92
"chr14"	56777604	56778604	116	"chr14"	56777081	56778081	92
"chr12"	59066901	59067901	163	"chr12"	59066162	59067162	92
"chrUn_GL456392"	22178	23178	208	"chr8"	69183561	69184561	123
"chrUn_GL456392"	22178	23178	208	"chr2"	53190318	53191318	135
"chrUn_GL456392"	22178	23178	208	"chr10"	18196841	18197841	88
"chrUn_GL456392"	22178	23178	208	"chr2"	53190318	53191318	135
"chrUn_GL456392"	22178	23178	208	"chr8"	107096288	107097288	100
"chrUn_GL456392"	22178	23178	208	"chr8"	69183561	69184561	123
"chrUn_GL456392"	22178	23178	208	"chr2"	53190318	53191318	135
"chrUn_GL456392"	22178	23178	208	"chr10"	18196841	18197841	88
"chrUn_GL456392"	22178	23178	208	"chr2"	53190318	53191318	135
"chrUn_GL456392"	22178	23178	208	"chr8"	107096288	107097288	100
"chrUn_GL456392"	22178	23178	208	"chr8"	69183561	69184561	123
"chrUn_GL456392"	22178	23178	208	"chr2"	53190318	53191318	135
"chrUn_GL456392"	22178	23178	208	"chr10"	18196841	18197841	88
"chrUn_GL456392"	22178	23178	208	"chr2"	53190318	53191318	135
"chrUn_GL456392"	22178	23178	208	"chr8"	107096288	107097288	100
"chrUn_GL456392"	22178	23178	208	"chr8"	69183561	69184561	123
"chrUn_GL456392"	22178	23178	208	"chr2"	53190318	53191318	135
"chrUn_GL456392"	22178	23178	208	"chr10"	18196841	18197841	88
"chrUn_GL456392"	22178	23178	208	"chr2"	53190318	53191318	135
"chrUn_GL456392"	22178	23178	208	"chr8"	107096288	107097288	100
"chrUn_GL456392"	22178	23178	208	"chr8"	69183561	69184561	123
"chrUn_GL456392"	22178	23178	208	"chr2"	53190318	53191318	135
"chrUn_GL456392"	22178	23178	208	"chr10"	18196841	18197841	88
"chrUn_GL456392"	22178	23178	208	"chr2"	53190318	53191318	135
"chrUn_GL456392"	22178	23178	208	"chr8"	107096288	107097288	100
"chrUn_GL456389"	10142	11142	526	"chr8"	69183561	69184561	123
"chrUn_GL456389"	10142	11142	526	"chr2"	53190318	53191318	135
"chrUn_GL456389"	10142	11142	526	"chr10"	18196841	18197841	88
"chrUn_GL456389"	10142	11142	526	"chr2"	53190318	53191318	135
"chrUn_GL456389"	10142	11142	526	"chr8"	107096288	107097288	100
"chrUn_GL456392"	22178	23178	208	"chr8"	69183561	69184561	123
"chrUn_GL456392"	22178	23178	208	"chr2"	53190318	53191318	135
"chrUn_GL456392"	22178	23178	208	"chr10"	18196841	18197841	88
"chrUn_GL456392"	22178	23178	208	"chr2"	53190318	53191318	135
"chrUn_GL456392"	22178	23178	208	"chr8"	107096288	107097288	100
"chrUn_GL456392"	22178	23178	208	"chr8"	107096288	107097288	100
"chrUn_GL456392"	22178	23178	208	"chr2"	53190318	53191318	135
"chrUn_GL456392"	22178	23178	208	"chr10"	18196841	18197841	88
"chrUn_GL456392"	22178	23178	208	"chr2"	53190318	53191318	135
"chrUn_GL456392"	22178	23178	208	"chr8"	69183561	69184561	123
"chrUn_GL456392"	22178	23178	208	"chr8"	107096288	107097288	100
"chrUn_GL456392"	22178	23178	208	"chr2"	53190318	53191318	135
"chrUn_GL456392"	22178	23178	208	"chr10"	18196841	18197841	88
"chrUn_GL456392"	22178	23178	208	"chr2"	53190318	53191318	135
"chrUn_GL456392"	22178	23178	208	"chr8"	69183561	69184561	123
"chrUn_GL456392"	22178	23178	208	"chr8"	107096288	107097288	100
"chrUn_GL456392"	22178	23178	208	"chr2"	53190318	53191318	135
"chrUn_GL456392"	22178	23178	208	"chr10"	18196841	18197841	88
"chrUn_GL456392"	22178	23178	208	"chr2"	53190318	53191318	135
"chrUn_GL456392"	22178	23178	208	"chr8"	69183561	69184561	123
"chrUn_GL456392"	22178	23178	208	"chr8"	107096288	107097288	100
"chrUn_GL456392"	22178	23178	208	"chr2"	53190318	53191318	135
"chrUn_GL456392"	22178	23178	208	"chr10"	18196841	18197841	88
"chrUn_GL456392"	22178	23178	208	"chr2"	53190318	53191318	135
"chrUn_GL456392"	22178	23178	208	"chr8"	69183561	69184561	123
"chrUn_GL456392"	22178	23178	208	"chr8"	107096288	107097288	100
"chrUn_GL456392"	22178	23178	208	"chr2"	53190318	53191318	135
"chrUn_GL456392"	22178	23178	208	"chr10"	18196841	18197841	88
"chrUn_GL456392"	22178	23178	208	"chr2"	53190318	53191318	135
"chrUn_GL456392"	22178	23178	208	"chr8"	69183561	69184561	123
"chrUn_GL456389"	10142	11142	526	"chr8"	107096288	107097288	100
"chrUn_GL456389"	10142	11142	526	"chr2"	53190318	53191318	135
"chrUn_GL456389"	10142	11142	526	"chr10"	18196841	18197841	88
"chrUn_GL456389"	10142	11142	526	"chr2"	53190318	53191318	135
"chrUn_GL456389"	10142	11142	526	"chr8"	69183561	69184561	123
"chrUn_GL456392"	22178	23178	208	"chr8"	107096288	107097288	100
"chrUn_GL456392"	22178	23178	208	"chr2"	53190318	53191318	135
"chrUn_GL456392"	22178	23178	208	"chr10"	18196841	18197841	88
"chrUn_GL456392"	22178	23178	208	"chr2"	53190318	53191318	135
"chrUn_GL456392"	22178	23178	208	"chr8"	69183561	69184561	123
"chr13"	95890846	95891846	89	"chr13"	95960766	95961766	131
"chr13"	95890846	95891846	89	"chr13"	95960766	95961766	131
"chr12"	85486172	85487172	94	"chr12"	85455320	85456320	64
"chr12"	85486172	85487172	94	"chr12"	85473647	85474647	85
"chr12"	85486172	85487172	94	"chr12"	85444596	85445596	69
"chr18"	31788547	31789547	170	"chr18"	31789117	31790117	50
"chr18"	31788547	31789547	170	"chr18"	31789117	31790117	50
"chr6"	124662745	124663745	73	"chr6"	124662107	124663107	110
"chrUn_GL456392"	22178	23178	208	"chr2"	53190318	53191318	135
"chrUn_GL456392"	22178	23178	208	"chr10"	18196841	18197841	88
"chrUn_GL456392"	22178	23178	208	"chr8"	69183561	69184561	123
"chrUn_GL456392"	22178	23178	208	"chr2"	53190318	53191318	135
"chrUn_GL456392"	22178	23178	208	"chr8"	107096288	107097288	100
"chrUn_GL456392"	22178	23178	208	"chr2"	53190318	53191318	135
"chrUn_GL456392"	22178	23178	208	"chr10"	18196841	18197841	88
"chrUn_GL456392"	22178	23178	208	"chr8"	69183561	69184561	123
"chrUn_GL456392"	22178	23178	208	"chr2"	53190318	53191318	135
"chrUn_GL456392"	22178	23178	208	"chr8"	107096288	107097288	100
"chrUn_GL456392"	22178	23178	208	"chr2"	53190318	53191318	135
"chrUn_GL456392"	22178	23178	208	"chr10"	18196841	18197841	88
"chrUn_GL456392"	22178	23178	208	"chr8"	69183561	69184561	123
"chrUn_GL456392"	22178	23178	208	"chr2"	53190318	53191318	135
"chrUn_GL456392"	22178	23178	208	"chr8"	107096288	107097288	100
"chrUn_GL456392"	22178	23178	208	"chr2"	53190318	53191318	135
"chrUn_GL456392"	22178	23178	208	"chr10"	18196841	18197841	88
"chrUn_GL456392"	22178	23178	208	"chr8"	69183561	69184561	123
"chrUn_GL456392"	22178	23178	208	"chr2"	53190318	53191318	135
"chrUn_GL456392"	22178	23178	208	"chr8"	107096288	107097288	100
"chrUn_GL456392"	22178	23178	208	"chr2"	53190318	53191318	135
"chrUn_GL456392"	22178	23178	208	"chr10"	18196841	18197841	88
"chrUn_GL456392"	22178	23178	208	"chr8"	69183561	69184561	123
"chrUn_GL456392"	22178	23178	208	"chr2"	53190318	53191318	135
"chrUn_GL456392"	22178	23178	208	"chr8"	107096288	107097288	100
"chrUn_GL456389"	10142	11142	526	"chr2"	53190318	53191318	135
"chrUn_GL456389"	10142	11142	526	"chr10"	18196841	18197841	88
"chrUn_GL456389"	10142	11142	526	"chr8"	69183561	69184561	123
"chrUn_GL456389"	10142	11142	526	"chr2"	53190318	53191318	135
"chrUn_GL456389"	10142	11142	526	"chr8"	107096288	107097288	100
"chrUn_GL456392"	22178	23178	208	"chr2"	53190318	53191318	135
"chrUn_GL456392"	22178	23178	208	"chr10"	18196841	18197841	88
"chrUn_GL456392"	22178	23178	208	"chr8"	69183561	69184561	123
"chrUn_GL456392"	22178	23178	208	"chr2"	53190318	53191318	135
"chrUn_GL456392"	22178	23178	208	"chr8"	107096288	107097288	100
"chr13"	6547910	6548910	63	"chr13"	6547267	6548267	55
"chr1"	180904036	180905036	125	"chr1"	180903447	180904447	78
"chrUn_GL456392"	22178	23178	208	"chr10"	18196841	18197841	88
"chrUn_GL456392"	22178	23178	208	"chr8"	69183561	69184561	123
"chrUn_GL456392"	22178	23178	208	"chr8"	107096288	107097288	100
"chrUn_GL456392"	22178	23178	208	"chr2"	53190318	53191318	135
"chrUn_GL456392"	22178	23178	208	"chr2"	53190318	53191318	135
"chrUn_GL456392"	22178	23178	208	"chr10"	18196841	18197841	88
"chrUn_GL456392"	22178	23178	208	"chr8"	69183561	69184561	123
"chrUn_GL456392"	22178	23178	208	"chr8"	107096288	107097288	100
"chrUn_GL456392"	22178	23178	208	"chr2"	53190318	53191318	135
"chrUn_GL456392"	22178	23178	208	"chr2"	53190318	53191318	135
"chrUn_GL456392"	22178	23178	208	"chr10"	18196841	18197841	88
"chrUn_GL456392"	22178	23178	208	"chr8"	69183561	69184561	123
"chrUn_GL456392"	22178	23178	208	"chr8"	107096288	107097288	100
"chrUn_GL456392"	22178	23178	208	"chr2"	53190318	53191318	135
"chrUn_GL456392"	22178	23178	208	"chr2"	53190318	53191318	135
"chrUn_GL456392"	22178	23178	208	"chr10"	18196841	18197841	88
"chrUn_GL456392"	22178	23178	208	"chr8"	69183561	69184561	123
"chrUn_GL456392"	22178	23178	208	"chr8"	107096288	107097288	100
"chrUn_GL456392"	22178	23178	208	"chr2"	53190318	53191318	135
"chrUn_GL456392"	22178	23178	208	"chr2"	53190318	53191318	135
"chrUn_GL456392"	22178	23178	208	"chr10"	18196841	18197841	88
"chrUn_GL456392"	22178	23178	208	"chr8"	69183561	69184561	123
"chrUn_GL456392"	22178	23178	208	"chr8"	107096288	107097288	100
"chrUn_GL456392"	22178	23178	208	"chr2"	53190318	53191318	135
"chrUn_GL456392"	22178	23178	208	"chr2"	53190318	53191318	135
"chrUn_GL456389"	10142	11142	526	"chr10"	18196841	18197841	88
"chrUn_GL456389"	10142	11142	526	"chr8"	69183561	69184561	123
"chrUn_GL456389"	10142	11142	526	"chr8"	107096288	107097288	100
"chrUn_GL456389"	10142	11142	526	"chr2"	53190318	53191318	135
"chrUn_GL456389"	10142	11142	526	"chr2"	53190318	53191318	135
"chrUn_GL456392"	22178	23178	208	"chr10"	18196841	18197841	88
"chrUn_GL456392"	22178	23178	208	"chr8"	69183561	69184561	123
"chrUn_GL456392"	22178	23178	208	"chr8"	107096288	107097288	100
"chrUn_GL456392"	22178	23178	208	"chr2"	53190318	53191318	135
"chrUn_GL456392"	22178	23178	208	"chr2"	53190318	53191318	135
"chr13"	34162747	34163747	182	"chr13"	34187289	34188289	86
"chr13"	34162747	34163747	182	"chr13"	34148632	34149632	57
"chr13"	34162747	34163747	182	"chr13"	34154311	34155311	92
"chr3"	138488301	138489301	61	"chr3"	138489385	138490385	158
"chrUn_GL456392"	22178	23178	208	"chr8"	107096288	107097288	100
"chrUn_GL456392"	22178	23178	208	"chr10"	18196841	18197841	88
"chrUn_GL456392"	22178	23178	208	"chr8"	69183561	69184561	123
"chrUn_GL456392"	22178	23178	208	"chr2"	53190318	53191318	135
"chrUn_GL456392"	22178	23178	208	"chr2"	53190318	53191318	135
"chrUn_GL456392"	22178	23178	208	"chr8"	107096288	107097288	100
"chrUn_GL456392"	22178	23178	208	"chr10"	18196841	18197841	88
"chrUn_GL456392"	22178	23178	208	"chr8"	69183561	69184561	123
"chrUn_GL456392"	22178	23178	208	"chr2"	53190318	53191318	135
"chrUn_GL456392"	22178	23178	208	"chr2"	53190318	53191318	135
"chrUn_GL456392"	22178	23178	208	"chr8"	107096288	107097288	100
"chrUn_GL456392"	22178	23178	208	"chr10"	18196841	18197841	88
"chrUn_GL456392"	22178	23178	208	"chr8"	69183561	69184561	123
"chrUn_GL456392"	22178	23178	208	"chr2"	53190318	53191318	135
"chrUn_GL456392"	22178	23178	208	"chr2"	53190318	53191318	135
"chrUn_GL456392"	22178	23178	208	"chr8"	107096288	107097288	100
"chrUn_GL456392"	22178	23178	208	"chr10"	18196841	18197841	88
"chrUn_GL456392"	22178	23178	208	"chr8"	69183561	69184561	123
"chrUn_GL456392"	22178	23178	208	"chr2"	53190318	53191318	135
"chrUn_GL456392"	22178	23178	208	"chr2"	53190318	53191318	135
"chrUn_GL456392"	22178	23178	208	"chr8"	107096288	107097288	100
"chrUn_GL456392"	22178	23178	208	"chr10"	18196841	18197841	88
"chrUn_GL456392"	22178	23178	208	"chr8"	69183561	69184561	123
"chrUn_GL456392"	22178	23178	208	"chr2"	53190318	53191318	135
"chrUn_GL456392"	22178	23178	208	"chr2"	53190318	53191318	135
"chrUn_GL456389"	10142	11142	526	"chr8"	107096288	107097288	100
"chrUn_GL456389"	10142	11142	526	"chr10"	18196841	18197841	88
"chrUn_GL456389"	10142	11142	526	"chr8"	69183561	69184561	123
"chrUn_GL456389"	10142	11142	526	"chr2"	53190318	53191318	135
"chrUn_GL456389"	10142	11142	526	"chr2"	53190318	53191318	135
"chrUn_GL456392"	22178	23178	208	"chr8"	107096288	107097288	100
"chrUn_GL456392"	22178	23178	208	"chr10"	18196841	18197841	88
"chrUn_GL456392"	22178	23178	208	"chr8"	69183561	69184561	123
"chrUn_GL456392"	22178	23178	208	"chr2"	53190318	53191318	135
"chrUn_GL456392"	22178	23178	208	"chr2"	53190318	53191318	135
