"Chr"	"Start"	"End"	"Peak Score"
"chr3"	14885636	14886636	71
"chr3"	14886273	14887273	73
"chr10"	75935458	75936458	96
"chr19"	41029332	41030332	50
"chr19"	41030120	41031120	90
"chr11"	102430182	102431182	97
"chr7"	27447622	27448622	58
"chr8"	57511718	57512718	113
"chr8"	57510831	57511831	120
"chr2"	53190318	53191318	135
"chr8"	69183561	69184561	123
"chr2"	53190318	53191318	135
"chr10"	18196841	18197841	88
"chr8"	107096288	107097288	100
"chr10"	75950817	75951817	37
"chr5"	121592663	121593663	62
"chr7"	30393762	30394762	120
"chr2"	164769054	164770054	114
"chr2"	164769514	164770514	151
"chr8"	94976953	94977953	65
"chr1"	165763462	165764462	129
"chr7"	127041862	127042862	148
"chr2"	163658240	163659240	130
"chr8"	84701411	84702411	87
"chr9"	21759469	21760469	133
"chr9"	21760203	21761203	97
"chr4"	95051311	95052311	87
"chr4"	95052371	95053371	80
"chr4"	95160704	95161704	39
"chr7"	135714977	135715977	112
"chr7"	135715715	135716715	29
"chr7"	135714977	135715977	112
"chr7"	143052399	143053399	74
"chr10"	69352281	69353281	67
"chr10"	69351505	69352505	98
"chr10"	69351505	69352505	98
"chr2"	148874450	148875450	116
"chr11"	99023068	99024068	133
"chr10"	60277565	60278565	136
"chr8"	105596175	105597175	56
"chr14"	63122412	63123412	117
"chr3"	95929144	95930144	176
"chr8"	71592117	71593117	97
"chr8"	117498185	117499185	87
"chr8"	117498185	117499185	87
"chr6"	48840218	48841218	53
"chr6"	125190774	125191774	188
"chr19"	40992952	40993952	64
"chr18"	10617801	10618801	174
"chr8"	84969167	84970167	75
"chr13"	56133740	56134740	87
"chr9"	70420961	70421961	119
"chr7"	122158819	122159819	101
"chr12"	17266514	17267514	158
"chr14"	33184797	33185797	137
"chr8"	95019849	95020849	93
"chr8"	75108546	75109546	78
"chr8"	75109448	75110448	110
"chr7"	102441816	102442816	105
"chr8"	122697188	122698188	116
"chr8"	122698305	122699305	75
"chr3"	108016950	108017950	45
"chr3"	108017720	108018720	99
"chr16"	95457309	95458309	98
"chr16"	95457857	95458857	106
"chr16"	95457309	95458309	98
"chr4"	62519497	62520497	80
"chr1"	23382068	23383068	111
"chr1"	23382068	23383068	111
"chr19"	9899458	9900458	87
"chr19"	9898623	9899623	207
"chr7"	44572486	44573486	56
"chr18"	56708098	56709098	105
"chr18"	56707585	56708585	143
"chr18"	56755721	56756721	86
"chr9"	37551724	37552724	69
"chr12"	105032475	105033475	89
"chr4"	124936061	124937061	142
"chr1"	75218232	75219232	59
"chr1"	75218782	75219782	170
"chr2"	91096349	91097349	84
"chr2"	91096881	91097881	75
"chr1"	128358646	128359646	135
"chr1"	128357780	128358780	70
"chr6"	88074996	88075996	56
"chr6"	88074517	88075517	88
"chr6"	88084371	88085371	155
"chr9"	114780318	114781318	73
"chr9"	114780318	114781318	73
"chr9"	114774419	114775419	68
"chr10"	43579276	43580276	56
"chr10"	43580050	43581050	69
"chr2"	125247654	125248654	106
"chr1"	189687372	189688372	50
"chr1"	189688099	189689099	76
"chr2"	152847860	152848860	233
"chr13"	52583853	52584853	141
"chr13"	52596755	52597755	114
"chr5"	30666746	30667746	132
"chr14"	76505758	76506758	60
"chr14"	76414666	76415666	55
"chr14"	76504743	76505743	113
"chr13"	100775239	100776239	167
"chr13"	100775239	100776239	167
"chr19"	6980225	6981225	94
"chr10"	79874255	79875255	42
"chr2"	25223410	25224410	71
"chr5"	115844908	115845908	123
"chr5"	115844338	115845338	150
"chr5"	115799151	115800151	123
"chr17"	35837248	35838248	235
"chr13"	28949429	28950429	67
"chr13"	28949429	28950429	67
"chr12"	102438929	102439929	171
"chr5"	145139251	145140251	171
"chr6"	131387278	131388278	172
"chr6"	72380152	72381152	95
"chr6"	72379695	72380695	92
"chr6"	72380152	72381152	95
"chr14"	30549126	30550126	142
"chr2"	35336130	35337130	145
"chr11"	117849161	117850161	65
"chr11"	117848415	117849415	135
"chr3"	129878204	129879204	68
"chr3"	129878640	129879640	49
"chr7"	44868706	44869706	84
"chr1"	131638326	131639326	133
"chr5"	147399095	147400095	132
"chr5"	147399095	147400095	132
"chr11"	24049054	24050054	144
"chr16"	90220716	90221716	124
"chr16"	90220716	90221716	124
"chr13"	47104761	47105761	189
"chr16"	18247263	18248263	66
"chr16"	18247878	18248878	102
"chr9"	72438046	72439046	194
"chr9"	72448949	72449949	126
"chr8"	120668144	120669144	121
"chr11"	104581384	104582384	93
"chr12"	111442256	111443256	68
"chr10"	30199507	30200507	153
"chr6"	89643600	89644600	53
"chr6"	89644201	89645201	99
"chr2"	26586480	26587480	86
"chr19"	3935116	3936116	149
"chr3"	135212516	135213516	132
"chr15"	82243788	82244788	81
"chr8"	27260075	27261075	60
"chr11"	78984070	78985070	70
"chr11"	106313895	106314895	86
"chr10"	127063398	127064398	147
"chr5"	138170642	138171642	101
"chr5"	138170642	138171642	101
"chr4"	40278998	40279998	169
"chr7"	24593421	24594421	75
"chr7"	24593421	24594421	75
"chr13"	41016066	41017066	153
"chr6"	51467899	51468899	104
"chr6"	51467899	51468899	104
"chr4"	117182038	117183038	171
"chr4"	117189084	117190084	198
"chr14"	55540178	55541178	147
"chr14"	55540178	55541178	147
"chr2"	127133375	127134375	169
"chr2"	127133375	127134375	169
"chr2"	172369999	172370999	163
"chr9"	21615856	21616856	84
"chr9"	21615214	21616214	132
"chr19"	6974144	6975144	155
"chr7"	101310212	101311212	134
"chr4"	116627016	116628016	147
"chr4"	116626072	116627072	123
"chr8"	120588377	120589377	215
"chr5"	125340156	125341156	56
"chr10"	37138244	37139244	90
"chr17"	29360879	29361879	75
"chr6"	6577878	6578878	190
"chr10"	80406211	80407211	118
"chr8"	120736319	120737319	77
"chr5"	30072947	30073947	107
"chr1"	86358023	86359023	124
"chr1"	86358671	86359671	76
"chr15"	79141130	79142130	141
"chr8"	84871844	84872844	38
"chr1"	131096197	131097197	82
"chr1"	131097193	131098193	67
"chr1"	131096751	131097751	119
"chr11"	72041698	72042698	118
"chr11"	72042285	72043285	66
"chr11"	53430009	53431009	145
"chr13"	54302689	54303689	56
"chr11"	51619597	51620597	107
"chr8"	84902579	84903579	133
"chr8"	84902579	84903579	133
"chr5"	129787389	129788389	157
"chr15"	102296053	102297053	140
"chr7"	4752354	4753354	76
"chr4"	136172006	136173006	178
"chr2"	156143540	156144540	148
"chr16"	33966440	33967440	167
"chr16"	33966440	33967440	167
"chr16"	34095231	34096231	91
"chr4"	118437102	118438102	58
"chr4"	118436624	118437624	144
"chr16"	4718286	4719286	73
"chr1"	139454502	139455502	57
"chr1"	139455076	139456076	57
"chr1"	139454502	139455502	57
"chr8"	84846895	84847895	65
"chr8"	84845743	84846743	117
"chr4"	132344776	132345776	114
"chr1"	91180784	91181784	65
"chr5"	115157006	115158006	67
"chr11"	69036786	69037786	92
"chr11"	69045731	69046731	142
"chr11"	69040206	69041206	88
"chr11"	69039553	69040553	52
"chr8"	116920635	116921635	77
"chr14"	47417552	47418552	175
"chr4"	150913658	150914658	100
"chr4"	150908990	150909990	74
"chr4"	150914351	150915351	118
"chr12"	113140133	113141133	83
"chr17"	46496336	46497336	95
"chr9"	107985169	107986169	59
"chr3"	9608356	9609356	66
"chr12"	87266079	87267079	123
"chr12"	87266079	87267079	123
"chr7"	45433574	45434574	142
"chr8"	94532922	94533922	71
"chr8"	94532218	94533218	46
"chr6"	125313227	125314227	84
"chr7"	127259860	127260860	150
"chr7"	127254088	127255088	45
"chr7"	127253558	127254558	92
"chr7"	127253558	127254558	92
"chr11"	93967413	93968413	183
"chr17"	45594768	45595768	138
"chr5"	100571044	100572044	126
"chr5"	100569964	100570964	97
"chr3"	36570997	36571997	82
"chr5"	66661024	66662024	73
"chrX"	155337725	155338725	63
"chr2"	150909398	150910398	151
"chr10"	80432263	80433263	49
"chr10"	80432895	80433895	101
"chr11"	3538542	3539542	78
"chr7"	16386968	16387968	150
"chr17"	45573201	45574201	60
"chr17"	45572136	45573136	142
"chr5"	115348349	115349349	54
"chr5"	115347899	115348899	53
"chr5"	115348868	115349868	70
"chr19"	47854823	47855823	91
"chr3"	108283143	108284143	91
"chr3"	108283807	108284807	49
"chr11"	69838220	69839220	144
"chr8"	116921501	116922501	128
"chr5"	33821107	33822107	73
"chr5"	33819615	33820615	67
"chr5"	99905984	99906984	90
"chrX"	136244919	136245919	138
"chr4"	149136727	149137727	121
"chr15"	99074445	99075445	144
"chr15"	99074445	99075445	144
"chr15"	81871225	81872225	170
"chr6"	128437584	128438584	111
"chr6"	128437584	128438584	111
"chr2"	84936793	84937793	74
"chr4"	135271667	135272667	131
"chr4"	135271092	135272092	75
"chr4"	134510947	134511947	78
"chr19"	46337956	46338956	189
"chr6"	124320932	124321932	129
"chr10"	93888749	93889749	147
"chr12"	110706414	110707414	63
"chr11"	50224261	50225261	88
"chr11"	50224261	50225261	88
"chr6"	47593844	47594844	120
"chr6"	47593844	47594844	120
"chrX"	109012734	109013734	57
"chr19"	37376493	37377493	117
"chr4"	46450987	46451987	59
"chr15"	81729180	81730180	114
"chr8"	71537249	71538249	153
"chr13"	55329129	55330129	63
"chr13"	55329764	55330764	46
"chr18"	69344227	69345227	165
"chr18"	69593183	69594183	81
"chr18"	69570447	69571447	167
"chr12"	112620145	112621145	51
"chr12"	113156094	113157094	59
"chr1"	180568864	180569864	147
"chr11"	115563582	115564582	156
"chr11"	115564163	115565163	137
"chr5"	134582546	134583546	216
"chr19"	37434773	37435773	51
"chr19"	37447687	37448687	53
"chr5"	121451499	121452499	169
"chr9"	59539314	59540314	82
"chr3"	88081672	88082672	128
"chr7"	30625513	30626513	208
"chr19"	46356614	46357614	128
"chr10"	79787911	79788911	102
"chr11"	69605385	69606385	49
"chr9"	106247606	106248606	72
"chr9"	106247146	106248146	170
"chr11"	6443491	6444491	115
"chr12"	76255259	76256259	144
"chr5"	33657767	33658767	68
"chr5"	33658456	33659456	98
"chr19"	41801203	41802203	128
"chr2"	30441128	30442128	80
"chr2"	30415979	30416979	116
"chr6"	89594869	89595869	133
"chr7"	126861498	126862498	197
"chr7"	13024766	13025766	49
"chr2"	5011954	5012954	147
"chr15"	103323304	103324304	89
"chr15"	103339398	103340398	168
"chr12"	76709877	76710877	45
"chr12"	8772186	8773186	70
"chr12"	8771647	8772647	63
"chr12"	8771212	8772212	70
"chr12"	8771212	8772212	70
"chr7"	43443673	43444673	62
"chr7"	43443673	43444673	62
"chr7"	43443218	43444218	202
"chr9"	120570687	120571687	112
"chr18"	67610221	67611221	67
"chr18"	67610221	67611221	67
"chr1"	93801149	93802149	54
"chr2"	25371445	25372445	56
"chr4"	116993690	116994690	202
"chr17"	26123329	26124329	168
"chr18"	74207013	74208013	150
"chr2"	72476178	72477178	150
"chr2"	72476178	72477178	150
"chr4"	126556874	126557874	145
"chr7"	13038097	13039097	45
"chr7"	13037353	13038353	85
"chr17"	24250478	24251478	142
"chr17"	24251227	24252227	49
"chr7"	141447538	141448538	128
"chr7"	141446927	141447927	67
"chr2"	69205402	69206402	160
"chr6"	129350322	129351322	121
"chr6"	129350322	129351322	121
"chr11"	75651426	75652426	93
"chr4"	138262000	138263000	103
"chr4"	138262000	138263000	103
"chr4"	58986276	58987276	98
"chr7"	141391769	141392769	148
"chr2"	84839834	84840834	88
"chr7"	80387258	80388258	83
"chr7"	80386771	80387771	92
"chr8"	122567180	122568180	83
"chr8"	122567739	122568739	125
"chr11"	40732720	40733720	88
"chr4"	154898627	154899627	90
"chr4"	154903974	154904974	69
"chr4"	154904558	154905558	151
"chr8"	105707355	105708355	136
"chr4"	128993699	128994699	50
"chr7"	80114741	80115741	99
"chr7"	80114187	80115187	99
"chr2"	164441252	164442252	39
"chr11"	72549602	72550602	72
"chr9"	107950586	107951586	151
"chr18"	67288238	67289238	48
"chr18"	67289066	67290066	70
"chr18"	67289600	67290600	48
"chr15"	76343140	76344140	110
"chr7"	19714683	19715683	185
"chr1"	171149994	171150994	168
"chr6"	128890016	128891016	106
"chr6"	128890016	128891016	106
"chr3"	98338775	98339775	88
"chr1"	89454511	89455511	91
"chr5"	149228917	149229917	100
"chr5"	149264742	149265742	50
"chr6"	38919003	38920003	51
"chr18"	34372434	34373434	87
"chr18"	34372434	34373434	87
"chr7"	55841936	55842936	123
"chr7"	55841936	55842936	123
"chr7"	44467835	44468835	116
"chr15"	89179789	89180789	69
"chr17"	25941475	25942475	175
"chr17"	12915178	12916178	125
"chr7"	142387324	142388324	87
"chr19"	5365685	5366685	109
"chr13"	49187286	49188286	117
"chr5"	140829708	140830708	115
"chr9"	20651878	20652878	124
"chr1"	157411870	157412870	58
"chr16"	93883788	93884788	153
"chr8"	13159184	13160184	114
"chr6"	66896565	66897565	123
"chr8"	106150182	106151182	92
"chr8"	106149554	106150554	83
"chr2"	27475021	27476021	72
"chr2"	27474305	27475305	49
"chr11"	102924311	102925311	138
"chr9"	106280582	106281582	212
"chr9"	106280582	106281582	212
"chr2"	32236239	32237239	74
"chr17"	25867983	25868983	76
"chr11"	69670541	69671541	169
"chr2"	122610951	122611951	42
"chr15"	73748281	73749281	87
"chr15"	73724673	73725673	40
"chr15"	58933550	58934550	90
"chr5"	136084526	136085526	65
"chr5"	136083825	136084825	98
"chr5"	136083825	136084825	98
"chr4"	119292470	119293470	56
"chr4"	119293036	119294036	110
"chr12"	8499905	8500905	80
"chr12"	8499165	8500165	53
"chr11"	69846458	69847458	143
"chr11"	69846458	69847458	143
"chr11"	69845836	69846836	45
"chr11"	59947819	59948819	159
"chr15"	81925332	81926332	87
"chr10"	86704646	86705646	190
"chr10"	81069876	81070876	118
"chr4"	57141385	57142385	71
"chr4"	57142145	57143145	57
"chr6"	145121642	145122642	44
"chr6"	145122470	145123470	107
"chr2"	174438398	174439398	95
"chr10"	84533707	84534707	44
"chr2"	30048282	30049282	151
"chr10"	80264870	80265870	171
"chr4"	57956199	57957199	101
"chr4"	57955397	57956397	152
"chr7"	19149496	19150496	166
"chr9"	106892056	106893056	98
"chr9"	106891158	106892158	92
"chr13"	54468266	54469266	142
"chr7"	46058688	46059688	69
"chr7"	46033574	46034574	196
"chr6"	116337549	116338549	134
"chr7"	132551250	132552250	103
"chr7"	132575643	132576643	160
"chr2"	30062049	30063049	44
"chr2"	30067265	30068265	91
"chr15"	31600957	31601957	114
"chr15"	31600957	31601957	114
"chr10"	79793329	79794329	104
"chr10"	80053628	80054628	87
"chr6"	72097055	72098055	139
"chr8"	71464652	71465652	123
"chr13"	37433960	37434960	168
"chr13"	37483391	37484391	81
"chr1"	191062814	191063814	137
"chr6"	29215419	29216419	116
"chr7"	16401294	16402294	130
"chr7"	16401948	16402948	37
"chr12"	69158032	69159032	137
"chr11"	69921521	69922521	143
"chr11"	69920084	69921084	127
"chr15"	35937234	35938234	142
"chr1"	93668547	93669547	213
"chr16"	18065819	18066819	152
"chr2"	85036478	85037478	94
"chr10"	80798631	80799631	142
"chr5"	38220292	38221292	120
"chr11"	98907616	98908616	121
"chr17"	26938863	26939863	144
"chr17"	26938463	26939463	99
"chr4"	84884346	84885346	73
"chr19"	24279617	24280617	100
"chr5"	43841079	43842079	83
"chr5"	43807378	43808378	83
"chr9"	65586912	65587912	150
"chr19"	10604690	10605690	78
"chr19"	10605407	10606407	136
"chr17"	24723690	24724690	91
"chr2"	174415637	174416637	145
"chr12"	32060155	32061155	122
"chr12"	32060610	32061610	43
"chr12"	32060155	32061155	122
"chr17"	35058811	35059811	113
"chr5"	124445618	124446618	64
"chr5"	124439709	124440709	212
"chr3"	121427472	121428472	65
"chr3"	121426295	121427295	72
"chr3"	121426833	121427833	72
"chr4"	62524491	62525491	174
"chr10"	128231939	128232939	142
"chr9"	66945278	66946278	121
"chr13"	23555801	23556801	67
"chr19"	9983093	9984093	173
"chr16"	11066071	11067071	78
"chr16"	11066662	11067662	70
"chr7"	25680409	25681409	116
"chr5"	135778801	135779801	40
"chr9"	79759617	79760617	147
"chr9"	79758922	79759922	209
"chr10"	81357346	81358346	76
"chr17"	33684293	33685293	133
"chr11"	96788877	96789877	129
"chr16"	33829634	33830634	67
"chr6"	88897866	88898866	120
"chr9"	118925283	118926283	46
"chr9"	118925782	118926782	38
"chr13"	73327736	73328736	73
"chr11"	4703547	4704547	137
"chr7"	141130989	141131989	180
"chr5"	140419286	140420286	102
"chr5"	140418092	140419092	123
"chr4"	148591468	148592468	101
"chr4"	148591468	148592468	101
"chr6"	124828221	124829221	75
"chr6"	124828787	124829787	82
"chr19"	20390022	20391022	84
"chr11"	114669300	114670300	43
"chr11"	114668497	114669497	141
"chr16"	18392381	18393381	119
"chr7"	98177509	98178509	69
"chr8"	57486326	57487326	140
"chr6"	24527375	24528375	133
"chr6"	24526787	24527787	124
"chr17"	87796328	87797328	64
"chr3"	107895416	107896416	114
"chr10"	127521792	127522792	87
"chr7"	25297252	25298252	116
"chr7"	25297252	25298252	116
"chr14"	65805700	65806700	93
"chr13"	24760733	24761733	69
"chr13"	24761463	24762463	176
"chr17"	56304070	56305070	184
"chr4"	138303752	138304752	52
"chr7"	52005862	52006862	61
"chr7"	52005112	52006112	78
"chr2"	168279951	168280951	46
"chr10"	13007606	13008606	85
"chr10"	13008315	13009315	157
"chr8"	53638103	53639103	72
"chr8"	53638103	53639103	72
"chr4"	144892796	144893796	62
"chr4"	141301260	141302260	134
"chr11"	97415520	97416520	97
"chr11"	97415055	97416055	116
"chr11"	97434656	97435656	101
"chr13"	44981575	44982575	113
"chr13"	45001475	45002475	150
"chr3"	88297048	88298048	227
"chrX"	136171466	136172466	39
"chr5"	75575550	75576550	54
"chr9"	109875766	109876766	90
"chr19"	6084562	6085562	189
"chr19"	6084562	6085562	189
"chr1"	33757178	33758178	73
"chr7"	44547946	44548946	116
"chr18"	35830118	35831118	47
"chr18"	35889672	35890672	60
"chr3"	88579368	88580368	154
"chr3"	88592651	88593651	40
"chr8"	71405700	71406700	105
"chr7"	30729013	30730013	148
"chr7"	25688066	25689066	105
"chr19"	38931151	38932151	49
"chr19"	38930001	38931001	194
"chr8"	123477562	123478562	246
"chr7"	3617163	3618163	191
"chr5"	140388518	140389518	123
"chr2"	119617627	119618627	113
"chr19"	6045602	6046602	118
"chr5"	129020739	129021739	100
"chr6"	52012543	52013543	166
"chr6"	52011813	52012813	84
"chr5"	135187620	135188620	171
"chr5"	135187019	135188019	51
"chr16"	84834162	84835162	70
"chr6"	72389707	72390707	132
"chr1"	153486499	153487499	129
"chr1"	153486499	153487499	129
"chr11"	98682435	98683435	177
"chr11"	98681578	98682578	76
"chr17"	33889907	33890907	69
"chr11"	76945655	76946655	88
"chr11"	76945187	76946187	72
"chr3"	8923180	8924180	94
"chr9"	31210990	31211990	28
"chr9"	31211708	31212708	71
"chr3"	94932655	94933655	59
"chr10"	128082285	128083285	105
"chr10"	128083328	128084328	128
"chr10"	128083328	128084328	128
"chr11"	120484195	120485195	150
"chr14"	13933069	13934069	46
"chr14"	13961176	13962176	73
"chr14"	13901343	13902343	73
"chr14"	13960223	13961223	97
"chr4"	140987004	140988004	82
"chr7"	35554569	35555569	94
"chr11"	55460404	55461404	167
"chr2"	25271274	25272274	56
"chr8"	80492808	80493808	134
"chr8"	80394364	80395364	95
"chr8"	124662354	124663354	84
"chr1"	135687412	135688412	57
"chr1"	135728871	135729871	119
"chr1"	135688039	135689039	66
"chr2"	164497087	164498087	184
"chr7"	48880246	48881246	92
"chr7"	48881392	48882392	57
"chr2"	78869668	78870668	119
"chr9"	90054422	90055422	73
"chr4"	115095496	115096496	56
"chr11"	29373450	29374450	166
"chr11"	29372817	29373817	93
"chr4"	41274583	41275583	95
"chr7"	120842795	120843795	76
"chr7"	120843185	120844185	55
"chr7"	120834806	120835806	66
"chr7"	120835475	120836475	154
"chr4"	133241001	133242001	102
"chr9"	59657007	59658007	39
"chr9"	59655638	59656638	52
"chr9"	59656345	59657345	143
"chr5"	136986977	136987977	172
"chr13"	23684419	23685419	85
"chr6"	67267717	67268717	61
"chr15"	61985504	61986504	71
"chr17"	33824311	33825311	143
"chr2"	73910139	73911139	71
"chr2"	73911163	73912163	62
"chr2"	113848371	113849371	94
"chr2"	113847464	113848464	86
"chrX"	73921169	73922169	39
"chr17"	14960099	14961099	41
"chr10"	127311322	127312322	143
"chr17"	87446089	87447089	133
"chr17"	87445236	87446236	69
"chr12"	116262475	116263475	76
"chr6"	115994743	115995743	161
"chr16"	36070673	36071673	79
"chr2"	26627895	26628895	70
"chr2"	26627895	26628895	70
"chr9"	110130899	110131899	63
"chr9"	110131928	110132928	118
"chr9"	110131235	110132235	63
"chr15"	84191771	84192771	100
"chr15"	84191771	84192771	100
"chr9"	60794360	60795360	78
"chr9"	60794360	60795360	78
"chr9"	57520486	57521486	167
"chr9"	57521422	57522422	40
"chr9"	57521070	57522070	69
"chr4"	52439071	52440071	159
"chr3"	96300394	96301394	74
"chr11"	120086121	120087121	89
"chr11"	95841300	95842300	113
"chr5"	136116469	136117469	161
"chr17"	46031215	46032215	38
"chr17"	46029824	46030824	65
"chr18"	12861633	12862633	60
"chr18"	12941192	12942192	109
"chr5"	114774914	114775914	49
"chr18"	64488503	64489503	133
"chr4"	3678489	3679489	73
"chr4"	3677883	3678883	90
"chr9"	61945795	61946795	117
"chr10"	75061889	75062889	54
"chr5"	115327285	115328285	83
"chr5"	115326339	115327339	98
"chr5"	115326789	115327789	68
"chr5"	115327671	115328671	75
"chr7"	47050268	47051268	144
"chr7"	47050268	47051268	144
"chr4"	43507956	43508956	88
"chr15"	12824531	12825531	154
"chr1"	152624143	152625143	109
"chr17"	27133281	27134281	172
"chr14"	54781143	54782143	63
"chr7"	140881000	140882000	101
"chr8"	123982667	123983667	78
"chr17"	26094787	26095787	155
"chr1"	194939026	194940026	85
"chr4"	130792348	130793348	87
"chr4"	116123209	116124209	105
"chr11"	51605296	51606296	136
"chr11"	51606737	51607737	46
"chr11"	51606011	51607011	99
"chr5"	34949023	34950023	142
"chr5"	34949023	34950023	142
"chr2"	32876003	32877003	59
"chr2"	32875418	32876418	60
"chr15"	82016412	82017412	164
"chr15"	82023061	82024061	144
"chr15"	82022674	82023674	49
"chr5"	136986132	136987132	89
"chr2"	154791181	154792181	92
"chr2"	154791730	154792730	54
"chr2"	154733893	154734893	50
"chr11"	101119901	101120901	80
"chr11"	114889790	114890790	84
"chr1"	172312105	172313105	71
"chr1"	172311371	172312371	47
"chr4"	118620412	118621412	115
"chr11"	8663747	8664747	109
"chr11"	8623857	8624857	56
"chr11"	8663747	8664747	109
"chr1"	167283647	167284647	115
"chr1"	167283647	167284647	115
"chr15"	98934531	98935531	34
"chr15"	98933420	98934420	151
"chr15"	98933420	98934420	151
"chr1"	36691364	36692364	164
"chr8"	47947560	47948560	103
"chr8"	47989537	47990537	72
"chr18"	36725547	36726547	67
"chr11"	70982200	70983200	189
"chr7"	24507201	24508201	92
"chr13"	83524679	83525679	67
"chr13"	83517709	83518709	70
"chr1"	136466177	136467177	118
"chr6"	70792099	70793099	203
"chr6"	70791172	70792172	44
"chr17"	71310645	71311645	47
"chr16"	32179740	32180740	93
"chr19"	44554524	44555524	153
"chr10"	62946640	62947640	195
"chr13"	55361920	55362920	179
"chr17"	34850153	34851153	139
"chr14"	31018090	31019090	153
"chr2"	53190318	53191318	135
"chr8"	69183561	69184561	123
"chr2"	53190318	53191318	135
"chr10"	18196841	18197841	88
"chr8"	107096288	107097288	100
"chr9"	48266689	48267689	108
"chr4"	129189897	129190897	140
"chr4"	129189529	129190529	67
"chr2"	155826128	155827128	151
"chr11"	69661746	69662746	115
"chr11"	51650569	51651569	50
"chr15"	68928582	68929582	53
"chr9"	121995169	121996169	87
"chr6"	138139788	138140788	102
"chr4"	97772470	97773470	220
"chr4"	97757241	97758241	106
"chr2"	26020906	26021906	152
"chr5"	139459794	139460794	216
"chr11"	117809808	117810808	137
"chrX"	7899197	7900197	90
"chr5"	137600730	137601730	146
"chr5"	137600730	137601730	146
"chr2"	119618461	119619461	128
"chr17"	27621800	27622800	83
"chr17"	27623363	27624363	35
"chr17"	27622539	27623539	61
"chr12"	36041250	36042250	68
"chr3"	58525814	58526814	180
"chr6"	91472510	91473510	80
"chr1"	153332201	153333201	66
"chr1"	153331627	153332627	51
"chr17"	34264215	34265215	47
"chr11"	120726652	120727652	78
"chr5"	151650410	151651410	128
"chr5"	151649858	151650858	72
"chr3"	52069346	52070346	79
"chr3"	52103096	52104096	97
"chr3"	52179210	52180210	53
"chr3"	52103988	52104988	111
"chr18"	35661294	35662294	175
"chr10"	62506208	62507208	104
"chr10"	62506992	62507992	100
"chr10"	62507698	62508698	73
"chr4"	124714747	124715747	150
"chr17"	34959160	34960160	85
"chr11"	116004648	116005648	68
"chr11"	116011812	116012812	107
"chr11"	106749526	106750526	78
"chr11"	106749526	106750526	78
"chr17"	57011289	57012289	148
"chr16"	11253164	11254164	102
"chr10"	77032485	77033485	92
"chr4"	132768263	132769263	141
"chr15"	84986929	84987929	125
"chr10"	94688476	94689476	54
"chr15"	34081470	34082470	124
"chr15"	34083011	34084011	73
"chr15"	34081470	34082470	124
"chr11"	72441271	72442271	134
"chr11"	72440610	72441610	198
"chr12"	101975780	101976780	81
"chr12"	101975035	101976035	120
"chr8"	121906410	121907410	66
"chr8"	121906410	121907410	66
"chr1"	93342000	93343000	59
"chr17"	29033082	29034082	168
"chr1"	131910606	131911606	153
"chr2"	152397991	152398991	46
"chr2"	152396873	152397873	69
"chrX"	105078986	105079986	80
"chrX"	105079667	105080667	151
"chr3"	96629722	96630722	166
"chr4"	45798797	45799797	119
"chr12"	70226645	70227645	29
"chr12"	70227038	70228038	91
"chr17"	24469495	24470495	70
"chr6"	126938927	126939927	89
"chr10"	81377680	81378680	78
"chr10"	81378528	81379528	110
"chr11"	32205112	32206112	114
"chr18"	80255703	80256703	106
"chr18"	80255116	80256116	67
"chr6"	85451232	85452232	142
"chr10"	40141050	40142050	90
"chr1"	175880397	175881397	140
"chr5"	23843910	23844910	108
"chr15"	74955496	74956496	94
"chr15"	74955496	74956496	94
"chr6"	136808532	136809532	80
"chr17"	56475609	56476609	117
"chr17"	56475609	56476609	117
"chr17"	56461256	56462256	91
"chr10"	79959848	79960848	165
"chr4"	107367603	107368603	134
"chr6"	73248177	73249177	128
"chr6"	73248177	73249177	128
"chr5"	34636272	34637272	151
"chr11"	34833201	34834201	156
"chr11"	34833201	34834201	156
"chr4"	9668146	9669146	100
"chr7"	79659230	79660230	56
"chr7"	79660034	79661034	118
"chr16"	18876717	18877717	56
"chr10"	75859364	75860364	90
"chr12"	57211176	57212176	62
"chr13"	100785831	100786831	162
"chr2"	158768080	158769080	73
"chr19"	3685693	3686693	136
"chr19"	3685693	3686693	136
"chr1"	191821261	191822261	128
"chr1"	191821261	191822261	128
"chr6"	30401988	30402988	47
"chr6"	30401570	30402570	82
"chr6"	30400843	30401843	127
"chr2"	5844709	5845709	211
"chr15"	25622492	25623492	84
"chr15"	25773650	25774650	127
"chr7"	109703617	109704617	142
"chr7"	109703617	109704617	142
"chr17"	46110628	46111628	134
"chr5"	30906897	30907897	116
"chr13"	54071647	54072647	191
"chr13"	54072128	54073128	73
"chr13"	49652015	49653015	91
"chr2"	32846522	32847522	70
"chr2"	32845793	32846793	62
"chr1"	55088086	55089086	106
"chr1"	55086918	55087918	90
"chr10"	89443126	89444126	124
"chr13"	54589297	54590297	185
"chr12"	112673426	112674426	87
"chr18"	77773788	77774788	143
"chr18"	77766895	77767895	226
"chr18"	77773788	77774788	143
"chr2"	53190318	53191318	135
"chr8"	69183561	69184561	123
"chr2"	53190318	53191318	135
"chr10"	18196841	18197841	88
"chr8"	107096288	107097288	100
"chr17"	74315486	74316486	143
"chr9"	60687461	60688461	205
"chr3"	122245217	122246217	101
"chr14"	46760430	46761430	136
"chr19"	6941471	6942471	178
"chr19"	6951404	6952404	92
"chr19"	6950868	6951868	153
"chr11"	78536295	78537295	168
"chr2"	53190318	53191318	135
"chr8"	69183561	69184561	123
"chr2"	53190318	53191318	135
"chr10"	18196841	18197841	88
"chr8"	107096288	107097288	100
"chr10"	128625685	128626685	224
"chr2"	163054453	163055453	88
"chr2"	163054453	163055453	88
"chr11"	59662105	59663105	104
"chr11"	59662105	59663105	104
"chr1"	132390859	132391859	121
"chr1"	132390859	132391859	121
"chr7"	127745893	127746893	55
"chr7"	127744663	127745663	103
"chr2"	32646541	32647541	59
"chr2"	39007903	39008903	42
"chr9"	114368220	114369220	76
"chr9"	43239159	43240159	141
"chr11"	87126887	87127887	126
"chr6"	28423427	28424427	108
"chr16"	32430610	32431610	88
"chr16"	32430072	32431072	97
"chr17"	35968877	35969877	89
"chr17"	35969586	35970586	71
"chr19"	3912765	3913765	194
"chr19"	3912065	3913065	126
"chr5"	145190705	145191705	164
"chr2"	163749447	163750447	86
"chr4"	135353402	135354402	151
"chr4"	135352183	135353183	88
"chr12"	105962619	105963619	87
"chr5"	21784146	21785146	34
"chr1"	152807668	152808668	52
"chr6"	146633628	146634628	127
"chr15"	76904052	76905052	74
"chr11"	5877352	5878352	187
"chr9"	109832357	109833357	120
"chr11"	116273264	116274264	113
"chr2"	53190318	53191318	135
"chr8"	69183561	69184561	123
"chr2"	53190318	53191318	135
"chr10"	18196841	18197841	88
"chr8"	107096288	107097288	100
"chr15"	10469421	10470421	119
"chr1"	160213080	160214080	42
"chr1"	160211576	160212576	154
"chr1"	160212237	160213237	61
"chr1"	160212744	160213744	94
"chr17"	24736359	24737359	164
"chr5"	125441289	125442289	81
"chr2"	14055278	14056278	111
"chr15"	97705595	97706595	58
"chr15"	97704936	97705936	94
"chr15"	97663559	97664559	106
"chr6"	86523907	86524907	77
"chr6"	86525064	86526064	59
"chr2"	93187862	93188862	132
"chr2"	93187862	93188862	132
"chr2"	53190318	53191318	135
"chr8"	69183561	69184561	123
"chr2"	53190318	53191318	135
"chr10"	18196841	18197841	88
"chr8"	107096288	107097288	100
"chr18"	34750772	34751772	220
"chr18"	34751437	34752437	60
"chr9"	83145881	83146881	70
"chr13"	100651336	100652336	190
"chr16"	20672642	20673642	80
"chr7"	17027305	17028305	57
"chr11"	21572015	21573015	103
"chr13"	81782924	81783924	207
"chr16"	35489972	35490972	82
"chr4"	139192831	139193831	158
"chr4"	139191954	139192954	66
"chr10"	59702459	59703459	210
"chr8"	68276738	68277738	93
"chr11"	120712927	120713927	62
"chr15"	83463686	83464686	83
"chr19"	53600231	53601231	106
"chr18"	35498149	35499149	93
"chr13"	73466969	73467969	118
"chr9"	89704154	89705154	45
"chr15"	83594184	83595184	102
"chr7"	125490744	125491744	217
"chr2"	36230423	36231423	39
"chr7"	143599295	143600295	123
"chr13"	19618930	19619930	63
"chr10"	110745143	110746143	65
"chr19"	6117252	6118252	80
"chr2"	72285658	72286658	147
"chr7"	143069287	143070287	204
"chr19"	8892849	8893849	118
"chr8"	12976726	12977726	56
"chr17"	80224155	80225155	94
"chr17"	80224155	80225155	94
"chr19"	4961917	4962917	228
"chr11"	87107968	87108968	177
"chr11"	6624866	6625866	84
"chr14"	51063176	51064176	203
"chr4"	129513753	129514753	56
"chr4"	129513291	129514291	95
"chr5"	137778450	137779450	111
"chr5"	33274439	33275439	93
"chr5"	33274875	33275875	77
"chr4"	44300653	44301653	210
"chr17"	66101403	66102403	107
"chr17"	66100623	66101623	114
"chr11"	3514101	3515101	92
"chr15"	81744383	81745383	44
"chr15"	81745023	81746023	125
"chr7"	45394714	45395714	120
"chr7"	45395662	45396662	80
"chr17"	46143606	46144606	106
"chr6"	67036518	67037518	93
"chr17"	46751383	46752383	104
"chr17"	46750736	46751736	104
"chr2"	84798735	84799735	102
"chr9"	57261418	57262418	95
"chr9"	57261418	57262418	95
"chr19"	5731104	5732104	141
"chr4"	134396019	134397019	93
"chr5"	88765194	88766194	168
"chr19"	4011940	4012940	237
"chr11"	70525147	70526147	347
"chr2"	32712258	32713258	96
"chr8"	60890360	60891360	62
"chr10"	117223760	117224760	187
"chr10"	117223760	117224760	187
"chr7"	127345250	127346250	118
"chr17"	34952310	34953310	96
"chr19"	38043294	38044294	78
"chr9"	15306292	15307292	129
"chr9"	22411272	22412272	41
"chr8"	70673225	70674225	144
"chr3"	127790128	127791128	70
"chr3"	127790776	127791776	57
"chr1"	191312371	191313371	123
"chr1"	191317388	191318388	73
"chr2"	53190318	53191318	135
"chr8"	69183561	69184561	123
"chr2"	53190318	53191318	135
"chr10"	18196841	18197841	88
"chr8"	107096288	107097288	100
"chr7"	4673734	4674734	49
"chr7"	4684172	4685172	177
"chr7"	30280345	30281345	62
"chr11"	75733160	75734160	135
"chr8"	123442788	123443788	193
"chr10"	95677110	95678110	116
"chr10"	95563275	95564275	109
"chr16"	15862882	15863882	108
"chr16"	15862222	15863222	90
"chr5"	139735622	139736622	48
"chr17"	24707295	24708295	167
"chr1"	120264320	120265320	84
"chr4"	101646938	101647938	103
"chr4"	101646938	101647938	103
"chr2"	122764864	122765864	75
"chr8"	111337367	111338367	120
"chr8"	111337367	111338367	120
"chr18"	38249481	38250481	65
"chr10"	5804773	5805773	113
"chr10"	5803680	5804680	42
"chr2"	153108184	153109184	56
"chr2"	173658916	173659916	142
"chr9"	37254743	37255743	78
"chr7"	38107464	38108464	80
"chr7"	38084905	38085905	81
"chr7"	38106370	38107370	45
"chr15"	84681320	84682320	105
"chr8"	105297552	105298552	154
"chr13"	32338573	32339573	185
"chr2"	155929547	155930547	88
"chr5"	136135578	136136578	205
"chr4"	139130872	139131872	103
"chr4"	139130372	139131372	139
"chr4"	139129878	139130878	111
"chr2"	27515051	27516051	99
"chr2"	27539856	27540856	152
"chr19"	8871061	8872061	216
"chr8"	120667154	120668154	113
"chr2"	53190318	53191318	135
"chr8"	69183561	69184561	123
"chr2"	53190318	53191318	135
"chr10"	18196841	18197841	88
"chr8"	107096288	107097288	100
"chr10"	82859122	82860122	106
"chr10"	82859753	82860753	78
"chr2"	38511477	38512477	138
"chr10"	75517616	75518616	226
"chr19"	55741545	55742545	133
"chr19"	55742393	55743393	61
"chr15"	11398937	11399937	183
"chr15"	11399527	11400527	106
"chr15"	89356295	89357295	109
"chr15"	89355698	89356698	101
"chr11"	97782261	97783261	144
"chr6"	99665803	99666803	112
"chr6"	99655198	99656198	72
"chr6"	99665803	99666803	112
"chr6"	87980674	87981674	80
"chr15"	75641578	75642578	54
"chr15"	75615769	75616769	44
"chr15"	75616467	75617467	63
"chr15"	75641995	75642995	96
"chr4"	105157186	105158186	49
"chr4"	11558522	11559522	146
"chr17"	34981513	34982513	147
"chr17"	34981513	34982513	147
"chr10"	79984803	79985803	88
"chr11"	87987342	87988342	82
"chr11"	87986841	87987841	66
"chr11"	87986186	87987186	133
"chr2"	36048536	36049536	205
"chr7"	100493317	100494317	92
"chr4"	133928863	133929863	52
"chr4"	133966488	133967488	125
"chr19"	53037685	53038685	140
"chr2"	35621580	35622580	44
"chr2"	35661143	35662143	101
"chr7"	27552481	27553481	90
"chr3"	9974149	9975149	42
"chr3"	10012383	10013383	104
"chr6"	124813503	124814503	107
"chr15"	99030113	99031113	130
"chr10"	81523154	81524154	82
"chr10"	81523154	81524154	82
"chr9"	44720814	44721814	140
"chr9"	44734113	44735113	46
"chr9"	20897868	20898868	128
"chr19"	10182762	10183762	110
"chr9"	21160812	21161812	82
"chr15"	3270568	3271568	169
"chr7"	45238126	45239126	72
"chr5"	115118655	115119655	78
"chr4"	136835210	136836210	51
"chr11"	109610569	109611569	138
"chr3"	88552241	88553241	47
"chr2"	143914719	143915719	84
"chr4"	141077411	141078411	191
"chr4"	141077411	141078411	191
"chr11"	95414626	95415626	71
"chr11"	50025915	50026915	63
"chr11"	50025217	50026217	71
"chr11"	119023040	119024040	83
"chr11"	102248637	102249637	148
"chr9"	64281347	64282347	153
"chr9"	64281347	64282347	153
"chr15"	78325809	78326809	54
"chr5"	23711900	23712900	165
"chr3"	102203449	102204449	60
"chr17"	45686107	45687107	206
"chr4"	117886587	117887587	114
"chr4"	109676466	109677466	126
"chr4"	109675823	109676823	127
"chr7"	130546329	130547329	123
"chr8"	88361172	88362172	85
"chr16"	21946618	21947618	86
"chr19"	10041317	10042317	93
"chr4"	45083944	45084944	74
"chr1"	131138380	131139380	54
"chr11"	74770586	74771586	142
"chr9"	107935573	107936573	106
"chr2"	33886629	33887629	106
"chr2"	33886629	33887629	106
"chr2"	33887176	33888176	66
"chr13"	22028541	22029541	130
"chr13"	22034425	22035425	58
"chr13"	22026367	22027367	58
"chr18"	61044918	61045918	53
"chr12"	85110444	85111444	142
"chr12"	85110444	85111444	142
"chr11"	69015920	69016920	101
"chr11"	69011693	69012693	42
"chrX"	94541328	94542328	102
"chr1"	171246273	171247273	126
"chr1"	171247019	171248019	80
"chr16"	20651126	20652126	159
"chr12"	65172603	65173603	104
"chr12"	65171925	65172925	103
"chr5"	122820451	122821451	99
"chr5"	122821104	122822104	100
"chr5"	102069350	102070350	87
"chr1"	186748841	186749841	149
"chr10"	95394610	95395610	79
"chr4"	152177828	152178828	90
"chr4"	152177237	152178237	56
"chr1"	71557092	71558092	117
"chr3"	67463341	67464341	76
"chr4"	45319723	45320723	84
"chr2"	152961939	152962939	164
"chr4"	123139062	123140062	172
"chr13"	32850542	32851542	56
"chr3"	89458882	89459882	147
"chr18"	61707018	61708018	100
"chr18"	61706516	61707516	81
"chr10"	93641175	93642175	33
"chr7"	45570225	45571225	56
"chr9"	50603666	50604666	136
"chr14"	54426247	54427247	89
"chr2"	32287155	32288155	103
"chr11"	106612882	106613882	91
"chr11"	106611691	106612691	84
"chr7"	78782591	78783591	133
"chr6"	83114745	83115745	260
"chr14"	99046333	99047333	92
"chr8"	83715222	83716222	139
"chr13"	69611865	69612865	141
"chr14"	57826166	57827166	119
"chr3"	90433533	90434533	122
"chr11"	102880199	102881199	164
"chr4"	149166816	149167816	108
"chr4"	149165992	149166992	62
"chr19"	7038958	7039958	101
"chr9"	72661511	72662511	83
"chr16"	18088312	18089312	95
"chr6"	29272600	29273600	109
"chr7"	138846065	138847065	111
"chr19"	4614669	4615669	36
"chr19"	4615101	4616101	56
"chr19"	4615101	4616101	56
"chr16"	32419469	32420469	160
"chr4"	86669442	86670442	138
"chr7"	126759452	126760452	121
"chr2"	20967675	20968675	45
"chr17"	29268806	29269806	193
"chr17"	56830154	56831154	78
"chr17"	56830154	56831154	78
"chr11"	78512082	78513082	71
"chr14"	64439784	64440784	143
"chr11"	4986578	4987578	100
"chr16"	32163705	32164705	72
"chr16"	32164563	32165563	102
"chr16"	32163705	32164705	72
"chr1"	91413126	91414126	49
"chr1"	91412545	91413545	148
"chr15"	83554997	83555997	57
"chr15"	83554630	83555630	48
"chr15"	83555437	83556437	65
"chr7"	141474561	141475561	121
"chr2"	129296394	129297394	65
"chr5"	113014740	113015740	76
"chr11"	120098585	120099585	181
"chr3"	59129732	59130732	135
"chr3"	59129732	59130732	135
"chr6"	116673565	116674565	59
"chr10"	93539693	93540693	136
"chr2"	53190318	53191318	135
"chr8"	69183561	69184561	123
"chr2"	53190318	53191318	135
"chr10"	18196841	18197841	88
"chr8"	107096288	107097288	100
"chr16"	91793400	91794400	72
"chr7"	123377697	123378697	128
"chr10"	79908237	79909237	161
"chr4"	134467458	134468458	114
"chr4"	134468805	134469805	100
"chr4"	134468196	134469196	79
"chr6"	118418789	118419789	185
"chr19"	46961180	46962180	81
"chr19"	46961180	46962180	81
"chr8"	123948431	123949431	145
"chr8"	123949241	123950241	144
"chr13"	23423439	23424439	144
"chr8"	111853617	111854617	89
"chr8"	111853171	111854171	31
"chr8"	111853617	111854617	89
"chr8"	110919547	110920547	68
"chr8"	110919547	110920547	68
"chr17"	5492451	5493451	59
"chr17"	5491809	5492809	73
"chr5"	137313697	137314697	75
"chr4"	55650960	55651960	99
"chr4"	55514603	55515603	46
"chr13"	23739793	23740793	66
"chr13"	23739340	23740340	30
"chr1"	71101976	71102976	175
"chr2"	27426144	27427144	100
"chr15"	99874795	99875795	122
"chr17"	35516149	35517149	83
"chr11"	101008589	101009589	106
"chr11"	101009233	101010233	56
"chr8"	70282764	70283764	100
"chr1"	74713074	74714074	36
"chr17"	65771868	65772868	65
"chr18"	66001777	66002777	86
"chr2"	92375165	92376165	118
"chr2"	92374474	92375474	194
"chr5"	45669895	45670895	126
"chr11"	58927874	58928874	151
"chr17"	24850412	24851412	56
"chr6"	38533634	38534634	74
"chr6"	38532886	38533886	74
"chr6"	38534012	38535012	62
"chr5"	135393594	135394594	107
"chr17"	25184202	25185202	100
"chr17"	25183782	25184782	130
"chr10"	45000255	45001255	78
"chr10"	45067041	45068041	103
"chr14"	67714773	67715773	85
"chr4"	55350053	55351053	113
"chr4"	55350053	55351053	113
"chr4"	155760093	155761093	104
"chr6"	83349289	83350289	102
"chr6"	55203049	55204049	189
"chr2"	104711600	104712600	123
"chr11"	4096556	4097556	135
"chr6"	82773574	82774574	100
"chr6"	82772520	82773520	62
"chr7"	97696475	97697475	163
"chr17"	26780743	26781743	183
"chr9"	44112919	44113919	165
"chr11"	3931354	3932354	80
"chr5"	101764479	101765479	94
"chr5"	101765222	101766222	38
"chr7"	4657863	4658863	50
"chr10"	80116470	80117470	66
"chr5"	31220506	31221506	150
"chr5"	31219508	31220508	125
"chr5"	31219993	31220993	27
"chr5"	31219508	31220508	125
"chrX"	37109340	37110340	102
"chr8"	18846054	18847054	84
"chr8"	18845458	18846458	76
"chr12"	113151779	113152779	116
"chr18"	56572901	56573901	137
"chr5"	143112099	143113099	111
"chrX"	152016162	152017162	105
"chr6"	125095909	125096909	43
"chr16"	30599256	30600256	43
"chr1"	184845041	184846041	114
"chr1"	184845665	184846665	97
"chr4"	119195100	119196100	175
"chr2"	32693284	32694284	80
"chr3"	88530741	88531741	49
"chr3"	88531741	88532741	152
"chr3"	88531176	88532176	79
"chrX"	75096637	75097637	95
"chrX"	75095884	75096884	118
"chr13"	75707541	75708541	64
"chr5"	136198189	136199189	157
"chr11"	5097988	5098988	109
"chr10"	111473307	111474307	130
"chr19"	10203598	10204598	193
"chr5"	143314334	143315334	117
"chr3"	84154885	84155885	59
"chr6"	113343344	113344344	80
"chr4"	117550060	117551060	97
"chr2"	53190318	53191318	135
"chr8"	69183561	69184561	123
"chr2"	53190318	53191318	135
"chr10"	18196841	18197841	88
"chr8"	107096288	107097288	100
"chr10"	80398054	80399054	70
"chr10"	80398741	80399741	69
"chr11"	49250890	49251890	39
"chr11"	49250490	49251490	43
"chr6"	55037223	55038223	75
"chr6"	55037960	55038960	101
"chr10"	79533152	79534152	75
"chr2"	120153570	120154570	122
"chr11"	94653324	94654324	186
"chr10"	53596712	53597712	138
"chr10"	53597478	53598478	62
"chr3"	68637444	68638444	43
"chr2"	131159351	131160351	87
"chr2"	131160085	131161085	142
"chr14"	25768134	25769134	86
"chr11"	69070812	69071812	103
"chr11"	69069976	69070976	108
"chr11"	5099354	5100354	66
"chr10"	117792631	117793631	110
"chr10"	117791903	117792903	137
"chr8"	78508329	78509329	110
"chr8"	78508329	78509329	110
"chr8"	78508329	78509329	110
"chr7"	128297549	128298549	142
"chr8"	71396641	71397641	185
"chr5"	105876177	105877177	84
"chr10"	95501091	95502091	164
"chr1"	36068234	36069234	42
"chr7"	56018754	56019754	74
"chr7"	56018754	56019754	74
"chr17"	27027626	27028626	161
"chr3"	127552165	127553165	55
"chr6"	83316894	83317894	141
"chr5"	100038820	100039820	102
"chr5"	100037898	100038898	142
"chr5"	31054766	31055766	81
"chr4"	141060620	141061620	46
"chr4"	141059860	141060860	107
"chr4"	135946294	135947294	172
"chr13"	55592825	55593825	128
"chr1"	75316606	75317606	138
"chr15"	88819327	88820327	98
"chr17"	56040235	56041235	124
"chr2"	156065082	156066082	137
"chr10"	110919225	110920225	75
"chr11"	60877812	60878812	92
"chr11"	60878772	60879772	123
"chr11"	86200253	86201253	35
"chr4"	127022429	127023429	160
"chr3"	138442206	138443206	80
"chr19"	10947964	10948964	86
"chr19"	10948661	10949661	113
"chr6"	51471057	51472057	45
"chr8"	92855094	92856094	77
"chr1"	75142531	75143531	69
"chr9"	106446965	106447965	84
"chr17"	25016380	25017380	39
"chr17"	25015904	25016904	56
"chr10"	77605900	77606900	84
"chr9"	21509518	21510518	97
"chr9"	21510145	21511145	126
"chr9"	22388452	22389452	103
"chr9"	22387435	22388435	47
"chr9"	22388016	22389016	60
"chr4"	48540372	48541372	58
"chr14"	120831707	120832707	34
"chr14"	120910041	120911041	67
"chr2"	103970424	103971424	35
"chrX"	73458251	73459251	56
"chr11"	60810085	60811085	62
"chr11"	60810558	60811558	157
"chr5"	123344011	123345011	87
"chr5"	123317975	123318975	70
"chr5"	123344011	123345011	87
"chr5"	115340321	115341321	118
"chr7"	143783642	143784642	97
"chr4"	116463403	116464403	109
"chr15"	93397500	93398500	122
"chr11"	120491777	120492777	81
"chr19"	6140516	6141516	114
"chr19"	6140516	6141516	114
"chr2"	84826659	84827659	190
"chr11"	120713619	120714619	114
"chr2"	127788628	127789628	160
"chr15"	75920615	75921615	144
"chr9"	98600841	98601841	129
"chr15"	73644817	73645817	121
"chr2"	53190318	53191318	135
"chr8"	69183561	69184561	123
"chr2"	53190318	53191318	135
"chr10"	18196841	18197841	88
"chr8"	107096288	107097288	100
"chr2"	53190318	53191318	135
"chr8"	69183561	69184561	123
"chr2"	53190318	53191318	135
"chr10"	18196841	18197841	88
"chr8"	107096288	107097288	100
"chr5"	113772588	113773588	75
"chr13"	99353127	99354127	68
"chr13"	99344563	99345563	104
"chr11"	88864491	88865491	54
"chr9"	83833660	83834660	81
"chr9"	83834247	83835247	55
"chr9"	83834247	83835247	55
"chr6"	66535374	66536374	117
"chr10"	100487329	100488329	62
"chr7"	27507307	27508307	105
"chr17"	35051109	35052109	68
"chr1"	161035405	161036405	133
"chr2"	152669689	152670689	96
"chr2"	152669689	152670689	96
"chr11"	98741693	98742693	90
"chr17"	24162933	24163933	127
"chr12"	17544005	17545005	55
"chr12"	17545064	17546064	129
"chr5"	100845708	100846708	77
"chr17"	20944385	20945385	222
"chr2"	174472110	174473110	165
"chr6"	29735440	29736440	67
"chr6"	29718677	29719677	68
"chr5"	137306649	137307649	168
"chr9"	75440717	75441717	79
"chr9"	75441329	75442329	98
"chr8"	69832433	69833433	177
"chr11"	80153662	80154662	87
"chr2"	117249567	117250567	121
"chr8"	4275648	4276648	96
"chr10"	91169806	91170806	147
"chr10"	91187383	91188383	171
"chr10"	91181831	91182831	183
"chr17"	69156589	69157589	65
"chr11"	88999491	89000491	103
"chr11"	88999491	89000491	103
"chr19"	8820423	8821423	115
"chr19"	8819819	8820819	44
"chr8"	83594437	83595437	59
"chr8"	83593494	83594494	158
"chr4"	132535322	132536322	65
"chr4"	132535822	132536822	70
"chr17"	48410007	48411007	57
"chr2"	127791633	127792633	98
"chr3"	69598296	69599296	51
"chr2"	32606859	32607859	92
"chr7"	16993667	16994667	110
"chr1"	179960136	179961136	86
"chr1"	179959508	179960508	44
"chr13"	23562525	23563525	165
"chr13"	45507232	45508232	118
"chr13"	45507232	45508232	118
"chr4"	47474527	47475527	75
"chr12"	69724673	69725673	108
"chr4"	43031185	43032185	99
"chr4"	43030676	43031676	118
"chr11"	101984065	101985065	89
"chr1"	170975528	170976528	41
"chr1"	4856861	4857861	117
"chr1"	4857757	4858757	66
"chr5"	150522239	150523239	156
"chr2"	103073563	103074563	124
"chr17"	35241986	35242986	173
"chr1"	191325913	191326913	108
"chr1"	191325913	191326913	108
"chr19"	46572356	46573356	87
"chr11"	62005383	62006383	66
"chr11"	62076808	62077808	128
"chr1"	170867303	170868303	141
"chr19"	60790566	60791566	81
"chr4"	3938661	3939661	118
"chr4"	3953668	3954668	171
"chr2"	53190318	53191318	135
"chr8"	69183561	69184561	123
"chr2"	53190318	53191318	135
"chr10"	18196841	18197841	88
"chr8"	107096288	107097288	100
"chr5"	137531947	137532947	42
"chr5"	137532440	137533440	82
"chr5"	137532440	137533440	82
"chr11"	53706810	53707810	166
"chr11"	87073337	87074337	91
"chr11"	87073760	87074760	81
"chr11"	87073337	87074337	91
"chr8"	23256869	23257869	131
"chr8"	23256157	23257157	104
"chr13"	64369937	64370937	141
"chr2"	53190318	53191318	135
"chr8"	69183561	69184561	123
"chr2"	53190318	53191318	135
"chr10"	18196841	18197841	88
"chr8"	107096288	107097288	100
"chr1"	128832184	128833184	66
"chr1"	128590190	128591190	40
"chr1"	128590546	128591546	97
"chr15"	89591158	89592158	188
"chr16"	38742405	38743405	60
"chr15"	99725673	99726673	124
"chr5"	122779112	122780112	84
"chr5"	122778371	122779371	51
"chr7"	65693346	65694346	159
"chr7"	65704583	65705583	80
"chr18"	60848084	60849084	158
"chr11"	70668579	70669579	60
"chr11"	70669277	70670277	139
"chr7"	45872839	45873839	115
"chr8"	33928313	33929313	103
"chr8"	33928313	33929313	103
"chr1"	135133119	135134119	68
"chr2"	167014858	167015858	129
"chr14"	56777081	56778081	92
"chr14"	56777081	56778081	92
"chr10"	81384217	81385217	137
"chr6"	137754351	137755351	143
"chr8"	70775969	70776969	85
"chr7"	127614722	127615722	108
"chr8"	94214306	94215306	91
"chr12"	116405678	116406678	118
"chr12"	116405062	116406062	144
"chr11"	102761547	102762547	56
"chr13"	22050859	22051859	105
"chr13"	22049851	22050851	175
"chr7"	99535083	99536083	122
"chr5"	120907241	120908241	61
"chr2"	19371319	19372319	258
"chr5"	114380644	114381644	144
"chr3"	100921395	100922395	164
"chr5"	113770806	113771806	112
"chr5"	113771709	113772709	69
"chr8"	54529273	54530273	127
"chr1"	155557850	155558850	185
"chr1"	155557850	155558850	185
"chr7"	24610531	24611531	109
"chr4"	24496210	24497210	76
"chr4"	24496210	24497210	76
"chr16"	92300992	92301992	186
"chr16"	92300538	92301538	78
"chr2"	69822566	69823566	69
"chr2"	69821809	69822809	69
"chr8"	4324044	4325044	62
"chr7"	29169310	29170310	88
"chr7"	29169723	29170723	80
"chr7"	29169723	29170723	80
"chr11"	86992850	86993850	121
"chr4"	131843240	131844240	197
"chr10"	42501890	42502890	111
"chr10"	42502483	42503483	36
"chr3"	88621732	88622732	64
"chr17"	43016433	43017433	135
"chr17"	23726243	23727243	77
"chr13"	112751656	112752656	66
"chr13"	112800483	112801483	51
"chr6"	88465312	88466312	186
"chr4"	155803220	155804220	85
"chr12"	59066162	59067162	92
"chr14"	55671364	55672364	169
"chr8"	85027038	85028038	101
"chr7"	141171777	141172777	83
"chr7"	141172348	141173348	129
"chr7"	141172348	141173348	129
"chr14"	14119722	14120722	100
"chr14"	14120265	14121265	151
"chr10"	81349750	81350750	143
"chr2"	6322598	6323598	114
"chr2"	6322598	6323598	114
"chr2"	172370848	172371848	123
"chr12"	85219332	85220332	222
"chr18"	36678580	36679580	99
"chr5"	110286192	110287192	53
"chr6"	91515779	91516779	78
"chr6"	91515779	91516779	78
"chr6"	134036087	134037087	29
"chr6"	134035645	134036645	50
"chr6"	133985002	133986002	60
"chr10"	80142149	80143149	75
"chr5"	30913514	30914514	43
"chr7"	79148352	79149352	51
"chr7"	28440758	28441758	53
"chr2"	53190318	53191318	135
"chr8"	69183561	69184561	123
"chr2"	53190318	53191318	135
"chr10"	18196841	18197841	88
"chr8"	107096288	107097288	100
"chr2"	53190318	53191318	135
"chr8"	69183561	69184561	123
"chr2"	53190318	53191318	135
"chr10"	18196841	18197841	88
"chr8"	107096288	107097288	100
"chr13"	95960766	95961766	131
"chr13"	95960766	95961766	131
"chr10"	121364822	121365822	109
"chr10"	121364822	121365822	109
"chr8"	70234568	70235568	121
"chr10"	78464205	78465205	79
"chr10"	78481827	78482827	57
"chr4"	93334996	93335996	50
"chr9"	123113076	123114076	75
"chr9"	114389825	114390825	88
"chr9"	114390449	114391449	68
"chr1"	165642178	165643178	140
"chr1"	165641467	165642467	139
"chr1"	165633864	165634864	63
"chr4"	134852604	134853604	164
"chr4"	134853262	134854262	139
"chr6"	136827182	136828182	201
"chr17"	27907050	27908050	54
"chr16"	8671375	8672375	73
"chr11"	120795555	120796555	120
"chr9"	108452181	108453181	111
"chr8"	78820016	78821016	198
"chr8"	78820744	78821744	153
"chr8"	78820016	78821016	198
"chr11"	80809895	80810895	46
"chr17"	56626104	56627104	112
"chr13"	55634949	55635949	101
"chr2"	26909849	26910849	65
"chr10"	79681867	79682867	38
"chr10"	79682316	79683316	154
"chr10"	79681114	79682114	69
"chr11"	120437422	120438422	181
"chr11"	120436809	120437809	115
"chr7"	97082010	97083010	127
"chr17"	46646060	46647060	173
"chr13"	115089890	115090890	97
"chr13"	115089890	115090890	97
"chr7"	79742241	79743241	104
"chr1"	153549124	153550124	143
"chr19"	6276577	6277577	84
"chr6"	134928581	134929581	40
"chr6"	134927620	134928620	89
"chr12"	85455320	85456320	64
"chr12"	85473647	85474647	85
"chr12"	85444596	85445596	69
"chr3"	123508502	123509502	122
"chr18"	15062970	15063970	85
"chr18"	15149560	15150560	94
"chr18"	15063755	15064755	70
"chr18"	15195140	15196140	86
"chr18"	15150074	15151074	61
"chr5"	52741608	52742608	130
"chr15"	8710156	8711156	79
"chr8"	3676458	3677458	166
"chr14"	79397531	79398531	213
"chr17"	30611641	30612641	142
"chr11"	60830504	60831504	259
"chr16"	91931038	91932038	158
"chr16"	91917259	91918259	58
"chr16"	91931038	91932038	158
"chr14"	21848216	21849216	66
"chr12"	24830760	24831760	87
"chr19"	3906047	3907047	141
"chr4"	59002898	59003898	86
"chr2"	25054137	25055137	85
"chr7"	80535008	80536008	122
"chr7"	80534257	80535257	113
"chr6"	52158157	52159157	56
"chr3"	104638275	104639275	89
"chr3"	104637737	104638737	67
"chr1"	169530727	169531727	101
"chr1"	169531379	169532379	199
"chr5"	108694018	108695018	62
"chr4"	153957324	153958324	182
"chr18"	68228313	68229313	112
"chr18"	67933530	67934530	105
"chr5"	115299975	115300975	119
"chr16"	48993934	48994934	118
"chr16"	10834498	10835498	85
"chr16"	10834498	10835498	85
"chr5"	140331369	140332369	138
"chr5"	140321140	140322140	132
"chr5"	140321140	140322140	132
"chr2"	11602336	11603336	161
"chr17"	35861232	35862232	86
"chr6"	18848479	18849479	153
"chr13"	60601248	60602248	55
"chr13"	60601919	60602919	103
"chr7"	25005122	25006122	136
"chr7"	25005122	25006122	136
"chr18"	31789117	31790117	50
"chr5"	117286712	117287712	146
"chr14"	14345751	14346751	203
"chr11"	115813061	115814061	105
"chr13"	58274018	58275018	117
"chr13"	46928963	46929963	81
"chr13"	46929898	46930898	63
"chr4"	116075242	116076242	87
"chr7"	126695686	126696686	58
"chrX"	48513363	48514363	144
"chr19"	6061296	6062296	71
"chr7"	44929624	44930624	88
"chr7"	44928635	44929635	106
"chr19"	8735479	8736479	156
"chr7"	30534291	30535291	92
"chr7"	30535006	30536006	92
"chr19"	7482366	7483366	116
"chr3"	59210163	59211163	79
"chr4"	96590680	96591680	63
"chr4"	96591091	96592091	73
"chr1"	74303604	74304604	115
"chrX"	164075470	164076470	69
"chr2"	24949631	24950631	104
"chr5"	138255550	138256550	131
"chr17"	25726629	25727629	94
"chr4"	114999966	115000966	174
"chr4"	114999966	115000966	174
"chr4"	114999170	115000170	113
"chr6"	124662107	124663107	110
"chr15"	33083125	33084125	52
"chr8"	71724934	71725934	54
"chr19"	6399829	6400829	117
"chr2"	119047014	119048014	155
"chr4"	46489144	46490144	111
"chr19"	6057009	6058009	106
"chr13"	3917488	3918488	173
"chr13"	3892666	3893666	259
"chr7"	88430267	88431267	132
"chr7"	88430267	88431267	132
"chr19"	34878610	34879610	169
"chr4"	130359131	130360131	91
"chr14"	54516564	54517564	224
"chr7"	127273269	127274269	119
"chr19"	3852045	3853045	109
"chr3"	54734748	54735748	69
"chr3"	54734149	54735149	105
"chr2"	3512002	3513002	166
"chr5"	114130091	114131091	53
"chr2"	53190318	53191318	135
"chr8"	69183561	69184561	123
"chr2"	53190318	53191318	135
"chr10"	18196841	18197841	88
"chr8"	107096288	107097288	100
"chr2"	26932508	26933508	107
"chr7"	127244022	127245022	97
"chr7"	45509829	45510829	153
"chr10"	79766177	79767177	81
"chr10"	79766960	79767960	43
"chr7"	118854824	118855824	77
"chr7"	118797781	118798781	150
"chr6"	125131837	125132837	94
"chr6"	125131054	125132054	69
"chr8"	84686906	84687906	45
"chr4"	126046841	126047841	170
"chr6"	50261081	50262081	48
"chr6"	50261579	50262579	104
"chr13"	55535676	55536676	223
"chr13"	30545090	30546090	65
"chr13"	30544426	30545426	157
"chr11"	60776560	60777560	66
"chr11"	60775982	60776982	32
"chr14"	22019413	22020413	145
"chr7"	109174538	109175538	65
"chr10"	60002134	60003134	126
"chr2"	12923676	12924676	95
"chr7"	29238126	29239126	165
"chr8"	66859832	66860832	66
"chr8"	66860597	66861597	103
"chr5"	24577438	24578438	105
"chr5"	24576634	24577634	152
"chr6"	28479301	28480301	108
"chr6"	28480215	28481215	122
"chr2"	71389003	71390003	174
"chr13"	21735099	21736099	122
"chr12"	110978593	110979593	92
"chr10"	78169094	78170094	110
"chr10"	78158994	78159994	69
"chr13"	6547267	6548267	55
"chr18"	56562136	56563136	107
"chr18"	56562136	56563136	107
"chr2"	155728655	155729655	172
"chr17"	23828264	23829264	173
"chr17"	23828869	23829869	66
"chr5"	92504663	92505663	110
"chr5"	36795526	36796526	51
"chr1"	180903447	180904447	78
"chr2"	53190318	53191318	135
"chr8"	69183561	69184561	123
"chr2"	53190318	53191318	135
"chr10"	18196841	18197841	88
"chr8"	107096288	107097288	100
"chr1"	168430725	168431725	98
"chr1"	168430725	168431725	98
"chr13"	34148632	34149632	57
"chr13"	34154311	34155311	92
"chr13"	34187289	34188289	86
"chr3"	138489385	138490385	158
"chr9"	50602984	50603984	130
"chr9"	65826549	65827549	118
"chr9"	65827177	65828177	47
"chr5"	103754096	103755096	83
"chr5"	103753377	103754377	62
"chr5"	103754096	103755096	83
"chr19"	17355773	17356773	159
"chr14"	65592283	65593283	242
"chr11"	19018215	19019215	54
"chr11"	19026002	19027002	69
"chr11"	18871434	18872434	81
"chr4"	129695931	129696931	179
"chr12"	90738162	90739162	102
"chr4"	129623329	129624329	146
"chr5"	136918767	136919767	139
"chr15"	89378596	89379596	63
"chr17"	71616273	71617273	163
"chr10"	127030057	127031057	266
"chr6"	117841016	117842016	141
"chr3"	102714886	102715886	104
"chr3"	102734712	102735712	96
"chr6"	135197685	135198685	129
"chr17"	24204900	24205900	153
"chr4"	128961701	128962701	52
"chr4"	128924842	128925842	101
"chr14"	99045044	99046044	58
"chr14"	98872791	98873791	55
"chr2"	53190318	53191318	135
"chr8"	69183561	69184561	123
"chr2"	53190318	53191318	135
"chr10"	18196841	18197841	88
"chr8"	107096288	107097288	100
"chr4"	98922305	98923305	111
"chr4"	98924394	98925394	46
"chr4"	98923970	98924970	52
"chr8"	110618256	110619256	100
"chr4"	134000104	134001104	252
"chr3"	95754127	95755127	173
"chr7"	113207063	113208063	74
"chr1"	75210418	75211418	117
"chr12"	85279523	85280523	133
"chr5"	130079293	130080293	111
"chr7"	42642160	42643160	121
"chr6"	125349695	125350695	137
"chr6"	125349695	125350695	137
